ID	length
57017	1.44221797590
19119	9.55509268069
19167	8.22819923610
19041	13.33815501940
19141	24.32636121210
19147	12.74651331340
19041	12.24833533170
19189	15.49774293530
19081	7.03815812340
27047	13.05499935940
19195	15.03146031340
19109	6.12056251173
19109	4.70535176581
27043	12.02134052290
19109	22.57379196980
19063	5.47991213568
19059	21.72734775970
19041	8.69573815901
19143	9.68894342712
19041	2.64247961203
19141	38.69889217690
19151	24.22115770880
19021	23.48638252670
19033	43.57911631890
19081	0.26111125981
19069	28.41566735440
19197	13.93567619320
27099	4.26848577050
19191	45.48988645690
19089	25.63489311080
19131	3.75728217200
19191	9.60157600369
19191	2.91054964740
19037	12.98953693230
19043	13.16075925890
19065	15.70162031290
19065	19.39001571110
19191	1.90240000000
19065	2.56570000000
19043	11.32397537340
19065	43.35679871650
19055	52.15049691620
19019	11.34269970930
19037	8.06931029940
19067	27.06914938350
19017	16.54526120810
19023	19.19975264600
19043	54.50953321760
19065	16.49402294730
19023	25.80773574230
19069	1.26725887253
19013	13.04169442300
19075	0.02174120512
19013	16.82858170640
19075	6.00841284120
19011	27.46003364440
19171	29.41933611600
19061	16.36439662240
19097	32.66350420540
19105	2.74962029560
19097	12.70656507480
19105	23.63198335810
19045	20.57468229920
19031	0.09693446240
19045	26.21057469920
19083	11.91337713270
19127	14.34905449100
19187	21.84778606000
19015	23.69078122690
19073	27.96692419660
19049	20.61594339980
19015	13.65750213410
19083	3.69061137618
19079	19.16703537940
19169	19.07208055490
19015	19.82312837490
19187	6.04450000000
19161	7.19768040035
19025	25.25424041190
19025	15.46188679170
19073	22.74365599640
19073	4.84051765930
19073	4.23983071006
19073	5.40331224532
19027	26.24801757270
19047	2.90599248281
19073	19.24407769310
19027	23.82515882410
19077	9.52981189719
19015	1.77341916647
19049	25.84011010150
19077	3.80371655850
19127	8.58904571879
19169	26.22227010270
19015	6.34309861267
19169	12.02250159100
19015	9.35635347611
19127	14.56492482280
19169	19.71554722100
19015	1.65902053333
19153	11.65409015770
19049	37.21410970120
19077	16.68291505650
19077	14.53843735670
19153	4.78941260299
19049	21.43000813860
19077	9.28883972726
19121	5.53205011398
19153	9.38694504001
19153	2.23618570338
19153	4.35561747861
19049	5.83812794995
19153	14.20219521190
19169	7.83954967348
19153	22.25912151560
19099	14.13026793780
19153	21.54168259560
19015	14.24928241160
19153	16.80521213740
19181	24.11943424160
19181	5.58076969332
19121	12.73667957470
19153	9.34903534266
19181	8.93014679905
19153	6.71649014001
19153	3.59645583995
19125	1.48554383645
19181	4.81431631707
19125	43.50595089860
19161	6.99447217851
19027	7.89960709542
19027	6.23606703425
19009	28.38566529250
19001	2.21872595198
19029	26.61021481200
19181	19.80535823420
19121	9.04494381503
19001	28.15361401820
19029	10.47708042790
19039	23.14642355010
19175	26.27391663700
19181	6.11926508395
19121	17.69838398550
19175	10.59344423640
19175	6.76625945387
19003	15.71673365570
19181	28.54616098720
19117	3.53260648389
19155	3.51587183906
19029	14.80666518820
19003	11.80919460580
19137	29.48535814370
19137	8.67202380704
19145	10.49739740090
19129	6.96280090214
19137	8.30920619941
19129	12.96992167010
19129	8.64648333539
19071	1.01166506809
19155	16.57006535090
19129	37.24847282200
19155	8.40077562688
19165	7.03121130659
19155	1.26074351476
19165	8.82027371833
19155	30.98043203360
19047	9.29242010657
19085	10.33615777840
19027	2.27036196176
19047	14.09701816100
19085	8.73730053332
19165	22.38126814480
19155	3.42459050545
19047	14.70016430430
19047	20.26175153350
19047	9.87393962105
19085	27.96793070210
19085	2.91659050726
19155	18.58172597000
19085	10.37386155510
19129	7.73900042718
19071	16.88489611380
31131	0.52213442714
29005	8.97679860611
19071	18.78719241350
19145	1.31185932173
29005	0.90329506254
19129	5.57876190335
19071	13.19998538310
19129	7.91820392515
19071	7.80131855828
19145	2.39608766325
19145	16.59149580510
29005	2.14278732568
29147	2.02364151964
19145	11.32432614710
29005	11.04758557840
19137	3.23986417175
19145	31.27288006260
19175	12.96840968290
19159	14.40799607610
19173	26.76435981250
19145	5.63347155191
19175	10.93318858020
19003	5.08954866074
19173	26.76149064840
29147	3.71632580779
19145	6.17396774832
19159	31.54958576080
19173	5.37380593327
29227	5.54453433113
19039	11.52527108480
19053	14.30367393990
19159	5.52443070750
19117	15.33395288910
19039	10.02210646150
19185	5.94441411861
19053	4.30246278004
19053	15.36781906670
19185	4.02235820192
19053	14.79426393730
19053	1.82079739949
19053	2.73800000000
19053	8.99429083518
29129	6.03052659685
29081	1.50950744616
19053	12.53602334100
29081	6.52454954640
19053	10.03731729510
19159	26.48826097330
29227	6.50154888700
19155	24.82904913920
19129	9.67206256813
19133	45.59421814280
19047	15.36345894510
19085	22.81456323810
19193	6.87999617502
19133	7.79336495730
19185	9.88638494458
19185	9.99052600983
29129	10.00288179700
19185	4.61798825593
29171	5.48615258766
19193	23.59754922510
31043	4.51255380146
19133	15.40588458840
19167	6.01924263863
57025	22.86007164530
19149	15.85181524090
19193	2.08065268606
57017	15.57634228770
19167	4.76764472800
57025	2.27214775443
57017	1.50257293001
19167	10.46703632730
19119	12.29071103640
19167	1.72725477275
27133	4.12958964510
57019	5.40117075091
19119	18.96223744570
19167	1.78027693351
57019	1.42270959792
57017	8.19380505015
19119	21.83222902580
27133	21.49955787690
27105	2.28953621723
19119	16.45872291850
19143	7.01444768733
19119	9.79718828105
19141	20.85878690010
19167	8.52331698360
19151	4.06427162970
19021	26.69593257930
19035	23.50403318450
19167	29.96944569760
19149	34.32214349660
19035	17.91080987920
19149	16.70780121480
19149	12.13920151030
19193	6.49084430808
19193	27.48030923170
19133	5.68014178615
19149	5.19220325788
19093	16.44039386170
19161	22.81927406810
19193	24.73484740730
19035	17.21232461920
19093	4.51278609925
19193	24.88049181320
19133	0.00780576710
19133	4.33470868341
19133	9.39393825292
19133	2.50414022171
19151	2.01000751418
19025	15.63161882040
19151	7.16018225466
19187	23.53165768550
19025	14.91027719520
19091	7.06300881768
19151	8.31971060809
19187	12.94976206020
19197	1.85990000000
19091	15.05729048580
19091	12.02689473420
19197	2.17550466789
19091	14.45734603820
19187	12.38430012650
19091	12.85960129700
19187	10.45744169860
19197	4.37874903335
19187	14.78546026150
19187	12.40546699830
19079	8.10228496324
19187	18.83895639800
19161	10.52144667180
19093	20.27046649250
19161	6.05011083149
19193	4.20934184879
19113	15.38924458860
19011	1.19883103480
19095	30.39802913750
19157	23.89483874940
19113	4.99441474149
19113	7.35070833322
19105	2.18416928373
19113	18.46226928220
19045	7.04987492196
19031	34.06484438700
19113	10.15835870890
19103	41.38512837750
19095	4.86526379458
19157	14.32462387700
19107	19.62737401910
19123	29.04176936910
19113	2.96575257712
19011	25.23628137660
19171	15.77884973910
19011	0.88372675641
19171	0.90674261508
19157	26.74377758080
19107	12.69694374670
19107	8.01674510033
19123	17.55354055570
19123	0.42534550662
19135	12.38476472910
19135	17.82017956120
19117	9.35233845220
19135	8.16133479355
19123	2.26682125674
19123	22.18793296110
19125	3.94718431923
19123	0.76339360752
19179	28.05402791610
19135	2.13740000000
19179	13.18669832880
19135	11.82310207140
19179	26.78367324720
19051	15.91718398240
19123	4.47355353196
19183	0.81164770683
19107	11.39153093640
19123	15.73624774580
19101	19.21138805040
19179	1.81109243552
19107	0.01147388339
19179	11.70298110300
19101	12.26690515470
19179	13.30729337140
19101	13.08559577820
19179	2.94893300897
19183	0.30622988097
19101	15.78818000600
19183	7.28697150028
19107	6.78409888885
19087	2.53328345236
19101	5.23358265245
19183	9.85720208957
19087	21.08959200630
19101	2.59334860465
19183	27.35291442510
19115	0.44155294133
19087	3.30469286954
19031	28.48507968530
19103	6.85826019730
19139	19.32464102590
19183	25.85299453150
19107	15.65639180340
19115	11.93933999200
19045	16.17348094150
19031	1.17214683381
19103	21.04567953260
19163	31.34155717250
19139	31.98222522310
19183	24.10226657280
19107	12.91857850380
19045	15.82879298990
19045	3.25544742854
19163	16.01415254100
19031	14.43123349830
19163	5.42112454698
19163	13.22666132830
19031	13.09707041720
19139	2.00831703175
19031	9.04376381132
19163	10.25138128860
19139	7.75340980301
19139	26.35569773330
17161	4.11272953525
19163	8.93414500068
19139	23.04852303610
19115	12.81231914640
19087	8.36587526445
19057	26.42796752040
19115	18.60881140450
19057	21.99375807610
19115	15.74311084560
17131	2.14706095396
19087	4.80802406920
19057	6.88354956459
19087	20.39826408750
19101	13.91172902580
19057	16.48218031490
19179	2.61602385692
19177	21.82681443830
19051	0.17766676673
19087	0.15127633655
19101	6.56961946475
19177	32.99976725220
19111	25.11914155540
19087	11.98605305090
19111	2.99399208082
19057	4.59556671573
17071	0.39900637790
19111	23.29206391670
17067	0.00437378555
19099	2.88463721809
19123	17.01010392890
19125	14.73243082900
19099	23.91211740640
19099	2.18671500201
19123	6.21273808300
19135	22.51000483510
19135	0.67828784450
19007	11.72807541960
19185	9.63794378628
19135	0.14454258888
19007	21.16036313930
19185	14.88297371300
19051	17.49025094800
19007	16.07134633630
19177	22.16696356980
19051	27.64061075120
19007	21.93703980560
19111	15.18945324220
17067	0.77259148326
29045	15.36060239810
29199	0.00670074623
19177	0.00670074623
19111	8.53628790342
19111	28.02443768130
17067	4.78436373768
29045	6.96934485154
19111	4.32688123896
17067	13.71572619580
19111	11.36970817100
17067	0.66437056678
19007	8.11750354200
29197	1.91680780988
19051	2.54565136920
19007	5.18366552637
29197	3.19185827396
19007	11.95142913410
29171	11.11687773070
57019	13.24806500970
57019	6.30577221323
57017	0.09065037231
19119	24.46989520840
19045	21.26668032120
17195	4.37713723841
17161	4.39240643456
19163	13.23975176340
19045	11.04282548150
17195	0.20305479556
19097	2.94812466178
17015	1.45549716592
19045	15.68730883240
17195	0.23070901586
17195	1.98987537298
17161	1.58268107337
19163	1.57602404169
19097	21.47581071720
57999	6.88228413793
31999	74.88553048700
57999	9.55277623361
31999	28.47143124260
31999	56.22414395560
31999	41.83099733980
31168	3.63349263984
31122	2.79147811204
31999	49.13538607110
31122	20.90390722550
31084	26.78381499600
31999	182.72523261900
56021	0.32990000000
31116	57.76810014240
31168	40.87231508190
8123	53.30081558980
31168	11.76115579560
31122	15.73553621480
8123	2.66963272568
8123	14.92101664080
31122	56.02194535310
31122	1.96028447936
31084	24.40890993270
31047	34.39748495170
31075	31.10220274870
31047	1.98183747063
31019	18.67901329890
31075	5.06405818490
31001	9.58496029643
31111	30.40417931410
31099	35.96383534830
31094	42.02825975480
31075	65.06900068980
31094	19.50545406640
31094	8.29639102598
31075	61.57175647130
31111	36.20666647980
31099	15.14017802560
31111	39.34212844760
31099	1.21303870507
31075	53.05993808230
31111	11.36693673500
20999	16.17787305590
31094	62.42111522860
31111	10.81761067010
31061	26.27294137730
31181	4.52718125327
31999	19.48435626800
31121	43.68676299900
31079	48.67667822440
31019	21.20560712440
31999	5.98553710372
31079	20.28523218190
31019	5.88385797650
31999	42.37236812580
31084	2.00285287028
31047	43.67740498410
31079	2.62059237769
31019	19.48918108160
31121	28.07140982580
31079	26.69787506080
31081	29.46854693870
31019	16.74372795130
31999	32.64768168910
31121	7.57160429595
31079	6.87369297518
31999	23.26681479240
31047	1.47931462847
31999	39.96944514210
31079	19.07972986670
31999	5.75883700499
31209	26.63322453020
31999	22.35134585630
31119	2.54722352376
31141	2.46901750703
31209	7.55856188918
31999	17.99646890290
31081	9.59653173836
31185	24.62748163380
31121	4.27909610278
31079	18.58850048220
31119	1.95162914510
31141	42.69673977180
31209	1.27689320227
31039	33.28214135850
31141	13.67566310290
31037	18.76448138450
31053	14.44921609380
31141	16.37048319180
31023	35.56450630280
31141	5.20719083616
31037	20.18742206060
31053	36.59172213760
31177	2.55886268725
31053	24.98887321770
31141	15.25779604780
31121	4.60307641692
31023	23.42039916980
31143	21.46778598090
31185	1.14786010036
31023	19.71845927130
31143	1.65986245816
31185	17.11604441350
31023	7.66783001058
31185	12.42282933290
31159	26.44027494440
31023	11.60646841600
31155	3.91390013773
31159	23.41155456860
31109	32.25732089070
31155	12.49818769870
31109	17.44071887000
31023	8.84105898558
31155	4.03926184346
31159	17.72648738280
31109	11.42040121810
31153	6.88954388898
31025	17.94885955710
31109	15.39572377330
31053	9.74885562240
31155	34.17525556570
31155	17.89993250670
31037	3.05199202230
31023	9.16208310090
31155	19.60841260660
31053	7.19407803708
31023	18.65758054780
31155	8.73344212582
31185	14.11094847760
31159	21.13617918010
31059	16.55713702610
31059	4.62940778610
31151	22.07450409550
31109	22.65246086100
31067	23.82012527200
31109	12.98820960630
31067	7.68299044312
31097	31.35375420770
31109	17.16348991320
31131	38.17357958010
31109	13.94438843400
31151	22.75734046330
31067	24.89503955860
31067	21.62676425450
31097	1.49275826576
31081	9.81241798000
31185	15.34384988370
31001	11.41592151400
31035	32.04335394910
31079	5.35329360301
31001	20.22789940540
31081	18.75886629170
31001	8.13179941693
31035	3.27216392758
31001	18.42802869630
31181	16.15911757450
31001	9.06902043982
31035	5.51119485911
31129	34.74159839850
31035	13.57716653550
31059	30.24950912780
31151	10.71444776830
31129	14.89474673870
31095	50.34080163200
31035	20.93574472900
31025	34.33022762310
31109	13.55543417470
19085	0.58406147793
31053	11.42599927560
31177	20.29311980330
31155	16.32994951940
31055	9.71957077931
31109	22.90836460640
31131	31.58389955480
31127	13.92022330040
31127	23.99762841940
31067	12.19330057360
31097	16.16441494940
31147	11.29577381910
31133	35.54490972140
19129	3.24559498551
31025	18.90101903530
31131	8.69501414829
31055	8.75594807691
31153	26.97801944660
31155	3.80592004563
31025	5.57627136932
31109	11.33203266200
19085	9.23680293446
19155	11.70166636200
31153	11.06396824320
31025	3.11572150553
31021	9.74306549598
31053	6.36557979480
19155	19.14345635240
31067	7.00766791851
31095	22.12548909090
31067	9.78480663244
31095	1.85942914089
31059	10.37356978630
31151	25.88102809650
31055	0.77697956859
31153	6.37231893210
31021	10.92923897150
31177	19.79241796570
31055	16.50613031880
31153	18.17736168180
31147	25.66690855760
31133	1.72882006583
31999	98.60034830590
31089	53.38693466520
31999	6.84004926883
31139	9.39286556517
31119	27.74436042610
31999	5.26272012437
31107	11.37300342520
31139	21.56363442920
31027	5.28050480653
31051	4.57651153282
31139	23.99702464570
31179	18.11675166050
31139	0.59616112755
31179	21.95437021150
31119	2.85488126898
31119	21.20817616470
31141	3.72329502591
31119	3.32159818160
31167	22.32129610940
31039	0.21206954048
31027	18.39573251620
31051	17.68499365200
31043	11.88183278610
31027	16.00244248240
31051	18.12222879270
19193	14.20271808200
31051	7.25375185007
31043	23.95010273510
31051	2.50204519743
31207	3.64698337694
31008	19.68473598040
31021	36.26761962760
31177	10.19171724920
8123	37.29615479350
31094	5.96394499081
31001	27.71926550090
31001	1.17055582561
31099	4.70839733562
31035	17.87677985770
31061	20.17787486060
31181	24.92020590150
31129	10.70221903000
31095	1.09312419240
31129	22.09580689430
31095	1.13984983221
31181	8.95064130317
31129	13.94202333980
31059	21.44842872300
31095	24.35330195330
31035	2.43927453354
31129	25.25222114240
31035	8.23488448829
31059	15.08374471080
31095	17.56171297510
31095	16.34149984030
31185	10.34315419730
31035	1.31214393265
31059	6.44849379068
31181	13.88963361690
49039	0.18078000443
8065	64.10814438680
8065	143.61723990400
8021	72.53866489710
35055	10.81859179300
8021	3.64051144759
35055	9.45189387487
8021	39.67106328970
35055	1.67223935186
8021	38.12950571730
8023	11.97738308290
35055	4.80764683915
8021	37.39219663190
8023	20.63566692980
8065	65.96727983760
8065	23.52555932250
8055	34.42971186300
8023	46.48898668220
8065	15.29621703980
8065	39.02175406370
8065	5.17898731901
8117	1.64935013084
8065	17.12840181990
8117	13.59507440600
8117	52.97706511130
8065	34.39248643160
8117	14.81780827710
8117	74.62101830650
8065	9.05676325545
8117	27.97501172930
8065	28.86860247910
8065	25.72884344840
8065	7.72990131609
8117	20.73476084160
8065	16.52817397390
8117	21.41435086850
8065	9.44612763613
8117	15.94640783460
8093	10.35484072270
8093	24.49015104380
8065	14.31761209940
8093	6.49057057969
8065	44.11153289390
8065	12.80019825430
8065	61.04333596300
8065	48.16264798330
8043	2.56250441951
8065	3.31709946791
8109	23.91512887330
8065	15.73915584060
8043	1.56057075777
8065	11.86447777270
8093	46.16330548060
8041	34.87773733920
8005	15.42584773050
8035	15.27712729070
8005	15.07122079310
8059	0.25695233021
8035	37.84671494080
8041	23.14859406350
8035	22.65092952850
8041	19.40299399190
8005	11.64876605510
8035	37.88910031200
8041	36.20102178760
8041	4.04393431821
8005	38.79722248250
8123	0.90348403417
8013	6.18133823698
8005	7.05844732149
8059	5.84831206561
8005	18.53089199060
8013	23.95446845990
8013	9.06136247425
8059	0.04278982876
8069	16.80756759360
8123	20.15436852900
8013	12.99727445990
8069	23.22041081840
8013	20.94532959360
8123	7.69887930497
8005	24.89238220150
8005	7.17157661488
8047	6.37131010468
8059	31.08952841420
8123	25.39977178860
8005	3.38065609756
8123	19.52940045080
56021	5.96748396153
8123	52.57263783850
8101	61.30822550870
8055	33.02212592330
8055	13.04719670210
8071	41.50092179170
35007	3.99261109175
8071	18.98747993300
8055	14.10549088740
8071	36.89389023750
8071	5.63557928367
8043	53.09711105700
8101	1.87817403081
8043	20.08961737520
8043	16.56107081630
8101	19.94986057970
8041	14.22151221090
8041	11.77679549290
8101	17.95745109430
8041	11.67972776340
8101	17.87003864610
8041	10.39926476620
8101	18.11462476300
8041	16.36520208360
8101	12.82058253720
8101	12.62144832730
56021	1.08413184161
8123	88.48419958840
8123	66.01423737010
8123	4.08576192282
31094	35.89734484120
31116	7.63246051569
31168	4.58773266549
8123	27.97244457520
8123	100.78498796500
8123	56.22645262890
8123	14.62582547400
8011	38.68713106630
8071	25.76377310010
8101	23.24228170790
8011	29.80142563520
8101	21.41477674620
8011	12.03186685480
8011	26.28175351110
8127	22.06153892520
8011	36.86513693050
8127	31.71671732650
8011	44.16249976860
8005	20.21916411020
8035	47.10525092310
8127	1.97501221515
8127	25.45352794250
8127	41.61546587760
8127	23.44713821220
20199	7.79004917700
8035	65.25573320380
8035	28.54850853620
20999	30.76536406590
8035	26.83675748290
8041	41.49195766720
48077	29.26839911430
48337	13.22346855600
48497	38.39878197890
48439	20.15319527420
48077	16.01258812030
48337	29.42954014690
48337	5.94373680777
48097	29.22328269770
48121	32.67494540160
48439	15.60768214860
48097	39.11040127810
48121	37.55241613700
48439	12.71939704930
40999	2.03280000000
48097	11.06474929490
48367	21.29199726480
48439	12.63698909060
48363	27.84807086960
48367	14.75407913090
48367	17.23063845230
48439	14.28703143760
48221	7.66100431605
48251	29.26990828990
48439	4.07467425078
48367	1.69052017143
48439	17.83523848610
48221	2.88908822468
48251	3.10314826104
48121	17.26277392700
48439	19.32391061060
48113	9.69196502195
48439	30.56767907800
48251	34.05794277560
48113	19.79757543290
48139	5.53747244598
48439	19.99158808370
48113	26.82403199380
48085	2.28631985951
48113	12.48237479310
48085	14.84829423760
48113	16.69309919730
48113	17.54176302170
48251	4.32505206674
48139	30.60816599160
48113	18.22258946110
48139	26.42178558990
48113	22.01267211820
48257	22.74859473230
48257	25.09166434390
48139	13.97489395030
48113	18.81169614230
48257	14.00633894780
48231	21.67373925860
48257	10.96201132830
48085	3.37631043596
48113	8.67004073299
48085	10.74918143260
48181	33.21646699380
48097	3.23731781881
48085	7.58143450410
48231	20.92793988190
48085	6.89774956938
48113	9.87443691357
48257	14.07639923490
48231	25.67910260070
48085	33.25202842190
48181	32.60523372390
48147	21.48951652240
48231	21.90983467570
48085	1.85155978839
48181	7.86084288165
48181	21.24546561080
48097	2.82744150426
48181	9.06344970955
48181	5.83479575050
48231	10.47435260680
48231	23.82262330000
48499	16.26533772600
48499	7.27289124458
48257	12.67755345560
48467	29.75332252680
48423	10.44469902590
48139	10.52965671110
48349	10.17877207810
48213	11.46810030040
48349	23.84227681730
48213	14.06547953360
48213	10.46685470470
48423	34.16046310990
48213	7.63345909129
48223	19.92318041940
48231	15.79267499120
48223	20.98567969450
48231	21.39546628670
48181	6.38921970197
48147	40.95287041010
48231	7.39660687455
48349	23.51740945160
48217	17.25854842480
48471	18.38760751750
48339	32.56482771230
48201	24.14906990680
48455	35.64459594500
48471	12.47615160540
48339	8.77800207906
48201	21.77204661020
48373	13.38585380640
48339	8.52839305083
48291	19.09958317320
48455	9.52178107943
48373	17.15777454780
48455	7.84902945593
48291	39.65950016680
48245	21.39287995950
48201	26.02586610210
48457	25.98196723730
48199	31.54379487450
48245	5.54417929905
48457	5.95735297091
48455	6.78679510005
48457	18.78764942060
48373	3.24859247059
48201	21.74404843860
48167	20.90977679740
48039	26.59678653360
48039	20.30815616180
48167	15.34951024220
48201	19.74203636040
48039	9.97076257164
48201	6.17565433780
48157	17.96533763990
48039	3.75495593183
48157	5.68085640375
48157	20.16277755500
48481	8.06740946339
48481	46.47366217910
48039	25.65213302370
48239	6.64750261828
48321	27.32405684620
48477	18.94309906880
48015	31.63701130030
48157	14.65100424170
48015	30.04878808040
48201	30.05527278070
48015	7.24056524865
48201	37.84228801100
48089	15.34652443330
48157	62.86938562320
48481	12.72060708170
48185	16.94482620130
48339	26.59695937040
48185	16.64800409470
48015	12.30320325820
48201	43.52349661180
48477	19.29789013180
48015	7.31199774959
48395	10.02515211660
48041	38.49660539170
48185	11.99361569780
48051	14.28006956290
48477	4.73205968369
48001	16.87280052580
48225	36.91622375620
48455	8.07176548532
48419	25.45600209860
48347	31.92280670100
48005	25.85908424260
48455	8.96091313762
48245	17.54236143140
48245	18.33071113930
22019	5.69466983503
48361	21.12555322210
48245	4.96504477523
48277	33.81419525930
48147	8.19411128024
48231	7.09751030097
40999	4.77586405383
48277	25.83693155880
48387	35.89765713410
48277	18.60261851170
48037	39.73323829380
48223	15.07570844600
48449	43.88031346140
48067	4.22955473425
48037	29.76417581840
48067	0.16481674672
48387	2.20737962299
48277	22.91513567800
48423	44.57483617080
48459	26.21085764780
48499	15.80543638620
48423	2.18922147349
48459	28.68004978370
48499	10.36049349590
48449	14.53823790240
48067	3.13288646579
48459	19.58010026720
48315	7.66195577382
48067	10.33197698860
48315	24.90891118190
48037	5.71921335318
48067	30.54779901700
48459	3.66185529070
48315	0.57457608722
48203	33.08014439530
48423	10.31498473820
48401	13.91184872540
48459	16.13991926390
22017	2.03438675281
48203	45.40143160410
48401	20.26176703120
48365	15.71733165360
48423	33.24644663180
48401	11.29770000900
48423	3.41786393673
48401	18.30209382170
48423	16.70803825710
48073	32.66508482210
48251	10.53855781480
48217	30.58408023350
48309	23.48924950340
48349	23.98033719380
48217	13.75750789660
48309	17.41407114180
48293	2.42282363576
48073	52.20560042040
48001	17.36312969980
48005	15.10995396300
48349	21.70306399750
48161	7.44399235749
48293	36.32516360300
48145	2.58849114737
48395	26.21178089630
48309	21.50497838250
48145	33.40580708150
48395	2.34407006081
48001	11.06940387410
48289	49.50147445780
48395	32.53509492640
48395	2.55060861168
48331	39.49426487850
48491	9.86515948579
48309	19.13397656190
48145	2.09229630072
48027	34.71464586810
48491	0.06628725368
48491	15.65075112190
48491	21.51778818000
48453	12.91110601360
48453	22.11667435640
48491	12.71873272880
48453	1.84572071831
48021	38.97909968400
48015	14.49556459110
48149	33.57635847820
48089	5.26910000000
48021	6.15787711129
48477	3.10623312873
48149	30.69411265710
48453	21.05006139240
48021	25.26458545490
48477	34.91206236700
48149	4.91844468608
48331	4.18176013898
48051	28.57201533990
48027	13.00763888550
48331	33.18047600070
48027	24.08637054470
48251	11.58013443070
48217	27.13136414950
48035	29.98296924430
48309	20.46707626080
48035	29.01488091770
48309	34.48716602510
48309	10.61272637770
48027	18.28445973000
48265	19.75466901430
48259	23.36208702890
48029	26.14656494890
48453	16.77815827420
48209	27.28300099340
48091	22.49559463430
48029	17.03589553580
48029	25.87944429040
48325	36.57669659310
48325	0.94423099398
48463	11.05835137490
48271	27.93069581170
48463	34.83224538370
48323	20.07938348420
48323	3.31577360053
48029	22.69653706390
48325	12.87253701410
48013	3.58963183210
48163	34.86568594000
48283	43.92101616050
48479	19.34549145300
48511	24.33854811610
48479	23.79967833100
48479	7.54955805823
48479	8.25296483948
48511	39.73186962800
48131	55.98010631820
48355	14.08840974740
48209	5.04260095784
48055	30.45177727840
48187	39.41613394460
48029	17.82346542140
48025	4.96667342393
48409	15.12922465960
48355	54.84040243170
48025	5.15027319372
48409	6.96969740513
48029	19.25449223470
48493	24.78662852510
48255	30.53992654500
48025	33.65475530520
48030	17.79170545870
48377	15.75886716070
48271	59.27572010610
48377	64.81732802840
48141	52.34014410120
48377	173.04583110600
35013	19.12367172010
48030	136.02259300100
48141	206.00284064400
48504	9.21519621524
48030	29.41176280280
48504	39.74734565640
48441	30.26493953550
48253	6.36124146688
48417	25.67266588300
48441	9.39682767321
48059	42.08401096280
48133	14.98438094380
48049	9.61739746345
48099	10.93933910040
48281	54.08612348810
48027	4.13292749755
48049	27.44517389900
48083	4.73626040036
48030	2.07714826144
48399	30.92701766730
48083	32.12315783700
48049	12.14143020410
48095	1.12688066804
48053	32.34891740120
48491	25.40886110810
48453	0.54914000036
48363	5.22555856153
48429	1.66779210904
48133	58.61248950730
48143	20.74980806450
48093	23.30053285450
48035	19.98216357120
48193	4.19258887292
48221	24.30896080610
48143	34.94542746100
48093	28.88020577130
48049	19.15031587880
48149	23.54179922350
48055	2.35539233462
48089	33.63930511870
48177	24.24233724130
48015	11.38116163570
48089	34.20614897920
48285	33.15661515020
48123	28.99023324330
48123	15.82125121370
48255	13.01714251960
48469	6.70094629287
48175	30.35158890310
48025	14.67913021740
48409	18.46139170840
48123	13.67400283920
48469	23.55857596350
48469	17.28488687920
48057	7.49865373954
48149	4.27264714434
48285	24.54441144310
48055	1.18830077842
48177	30.43824038360
48285	2.87251158570
48177	11.66959520160
48239	1.24343455397
48469	12.71199720930
35007	11.21572253800
48504	38.74321865090
48504	72.72646173660
48504	30.72319427830
48504	47.39930132710
40999	12.51829399900
48504	71.06635705620
48504	118.63704924100
48197	32.17564123060
48197	16.66667594180
48487	33.35551195780
48485	27.63211695000
48485	4.79651025927
48077	4.71044232849
48009	1.38759648674
40999	1.37595604944
48181	8.12849642460
48309	5.82727257300
48099	20.05032867100
48099	3.75976149377
48027	19.38813822960
20199	66.50235594960
20999	47.25024755850
20065	31.60758231610
20163	38.03228553000
20141	5.69346873425
20167	9.82687627304
20999	50.51996501640
20199	15.16801978430
20063	26.00447733910
20195	33.99656078570
20051	33.41732823110
20167	32.62002887970
20053	16.37108283660
20169	29.41884531220
20053	18.55820703620
20143	10.12986546790
20105	32.57017815440
20167	18.75264719000
20169	1.22402820637
20143	40.73618128670
20041	2.21133065144
20169	6.47118928946
20143	11.67003943730
20105	7.33243400263
20089	0.25186514249
20029	12.03551462390
20123	24.50786841670
20143	13.71955888530
20163	12.76700248100
20141	33.76536264420
20123	21.69194337540
20089	30.43759056560
20029	0.26054688638
31095	5.49970695698
20089	15.87287857960
20157	39.18524933870
20201	1.04180491456
31129	1.19625127795
20089	16.88442632760
20157	13.92983977720
20029	13.85986473330
20029	23.38448720160
20027	9.08947089621
20143	5.16052160639
20041	3.95150000000
20027	14.32101054260
20161	1.74643651474
20061	18.60823280100
20041	30.84988264660
20029	6.17003642975
20027	23.21825068610
20161	12.95116558930
20161	28.12696852200
20061	6.84227044249
20157	19.99609715010
20201	5.30565259372
20029	7.21734625762
20027	28.08765982320
20161	22.14546396310
20201	1.08786926056
20029	16.82221457030
20027	1.71629391422
20157	18.90181019350
20201	46.03076614010
20029	8.89727747811
20027	2.44409524576
20201	27.42668267520
20117	41.48116147600
20137	1.92216009999
20147	32.92310837430
20183	21.34755236850
20141	11.43661814240
20137	4.55807200874
20147	32.50359511540
20183	31.76816088670
20089	16.65459218650
20053	30.51430433870
20159	16.64356520580
20053	14.37352322360
20159	0.67462526635
20135	9.30168849159
20165	31.99571214160
20009	32.69694581790
20159	12.54702571060
20009	11.52306930090
20009	15.97491706650
20159	30.51959876670
20155	12.44165585390
20009	6.17052768327
20159	10.94568272200
20169	15.20226322170
20113	32.76066343570
20159	16.96705837760
20169	32.82652004580
20113	16.35158925520
20041	8.30000979140
20169	4.56358312712
20041	13.09968633520
20169	13.90857539040
20041	50.08321733930
20169	4.43745865220
20041	6.46573296464
20041	30.71919600510
20115	3.02177117929
20061	12.10867480510
20041	2.13922664765
20127	18.02472508290
20053	6.66926705108
20113	4.46234802878
20159	7.71243871493
20201	3.36427406268
20029	6.16714943696
20027	17.27896124110
20157	13.21956926180
20029	11.03785127140
31129	1.90590367018
20089	1.05423986425
20157	29.44714368060
20029	4.46733193416
20197	20.15568371380
20061	1.48299042816
20041	1.58631959579
20127	59.00560982960
20113	1.43495038242
20159	19.78001351070
20155	15.58150859300
20173	19.78720128960
20127	12.11302845330
20115	15.27973900450
20017	36.62362597820
20115	29.63219380800
20015	3.46650698612
20113	17.63417610360
20155	5.36376919712
20173	40.34370790490
20159	10.82876646560
20155	48.96056786600
20151	15.75594278400
20155	19.47911384080
20155	21.70386049040
20155	5.25190000000
20151	20.29985708100
20155	29.87282583590
20151	16.32441539920
20173	46.91270455980
20173	34.15453735340
20173	38.81340911670
20015	43.64393276640
20173	30.78312773470
20015	17.70239865180
20115	5.65227147628
20173	10.82617507420
20015	43.08407542400
20155	33.96470475050
20077	14.05130285620
20077	30.53067010250
20191	1.17313822289
20155	3.33639524787
20173	8.77076445663
20077	0.48277406724
20191	5.06269694333
20173	17.36148479490
20145	12.06518110800
20185	32.08333769340
20155	2.04740983928
20009	14.17343901680
20145	11.06871441880
20185	49.01852970710
20155	3.65719204035
20097	3.44959492115
20151	7.75935561180
20077	12.70227738800
20007	27.49864869130
20097	12.27773395750
20151	32.52415767260
20077	21.74522264560
20033	12.51529938010
20173	16.86015390690
20077	14.57915370680
20191	39.72684282630
20173	23.15798612840
20015	31.14522528770
20035	24.26906843220
20077	8.64338837195
20007	4.62245663716
40999	5.74676934025
20077	31.62502443460
20191	33.40607173040
20191	22.37917091060
20191	37.04612852480
20173	0.05764199858
20191	6.66487931774
20035	7.73333738841
20191	14.49911524690
20035	8.67937502576
20191	2.29685358915
20035	16.85508067630
20035	18.40113482020
40999	8.42959988469
20191	26.40787595760
20035	8.26225024008
20191	16.14782641540
20073	18.14944997400
20015	18.80150343660
20082	33.86384875700
20035	33.67849411170
20035	13.72524636990
20073	13.47501656730
20015	20.15771984440
20015	24.41020259580
20073	12.83988460470
20205	16.26139154260
20082	24.74002298210
20111	25.25520401060
20017	10.78806283190
20073	24.24884170050
20111	15.90776223590
20031	28.07864843920
20073	13.50929396750
20073	40.72182915860
20035	42.32510631550
20082	4.47833411549
20035	14.85988776500
20082	47.36281159000
40999	7.88256908293
20205	9.86289025410
20125	8.62006468506
20082	26.95498506400
20125	6.24904330499
20205	13.55261851500
20082	8.78760757603
20125	33.81508889830
40999	11.07449819440
20205	9.01540810850
20073	5.36459990939
20207	24.14905007410
20205	20.34992736960
20031	15.73208948400
20031	14.70314745440
20207	24.37322865830
20207	21.87307863160
20031	6.37037358088
20003	10.33033256080
20207	3.89992015944
20001	5.68588411840
20133	4.44337274469
20205	16.13135333860
20205	2.37025090866
20125	23.93099361510
20207	3.61831621752
20001	8.92043728629
20133	25.70931667150
20125	9.28021646368
20099	0.77696994150
20001	12.90627115170
20133	26.51326131920
20099	5.97857495144
20125	5.05636701595
20099	48.79120098140
40999	9.28552959887
20125	6.20112161595
20099	38.86053958140
20125	4.18219211658
20133	26.14023968550
20099	17.61721925030
20207	1.97315977305
20001	31.65224010040
20133	43.24325933190
20037	1.24680430852
20099	5.43315658618
20011	33.32254261590
20001	7.22894994567
20011	4.94121822732
20037	25.14139472140
20107	8.68971974122
20003	19.69166301150
20011	35.73603316900
20001	9.57920797459
20037	24.54744074650
20021	1.44827526734
20003	6.75816111739
20001	10.17278865100
20107	1.06772144776
20003	18.93735581610
20003	16.98245187520
20031	36.21726160950
20003	32.09748790790
20099	2.40660984820
20021	30.21386069560
20011	10.87975041100
20037	14.88614178490
29097	0.44319803700
20021	17.60404495120
29097	1.30058012056
20021	16.15994723800
40999	4.22153277424
29145	0.40232556469
20037	13.24776066520
20021	9.31628369115
20021	2.07533993601
20037	3.99667422240
20021	0.64242081224
20037	8.07706111337
20021	1.80647569593
20011	9.29688144408
20037	24.76385452830
20107	27.75035972710
20011	16.95010301910
20121	12.03514731090
20107	17.13579655630
20003	6.32209053708
20139	1.16303743706
20121	24.06253254100
20059	28.38483732590
20031	7.89513893686
20107	19.84553205440
20003	22.28907353770
20139	30.37157898980
20111	14.26455496960
20031	14.02625216630
20139	10.52068614070
20127	12.11866471670
20111	29.27856045630
20177	5.82829908721
20139	5.94890813007
20005	2.39684613607
20085	26.65925603830
20087	8.32685807933
20177	8.93884055917
20005	28.48893599400
20085	14.75486531840
20005	10.34473461520
20103	15.58499465600
20087	11.91287496870
20087	17.24453622360
20177	0.47385099979
20177	14.33844886560
20197	50.49129266170
20139	5.22188955508
20139	5.23454445394
20127	8.62224956405
20111	22.87690304590
20177	14.95572043710
20139	41.53283423340
20139	2.47618820165
20059	15.94604781830
20045	16.19136317450
20139	2.37592240824
20059	22.77024048510
20121	5.75302727718
20059	16.49637790380
20091	22.87471247950
20121	15.94655867320
20059	17.54597383580
20103	1.36899108105
20209	0.57985347287
20045	12.25280645100
20091	10.93313427960
20121	18.57509168760
20091	14.21966638930
29037	0.10941265923
20091	7.03466482855
20121	18.93678350260
20091	17.70684266950
20209	3.16501827167
20103	3.05237931478
20103	2.48137160659
20209	10.92276950280
20103	18.39279751150
20087	7.48481938154
20103	25.70611265600
20087	8.04605680593
20177	9.94719486931
20209	23.84529709200
20045	24.44676476270
20091	18.24061295800
20103	23.22976345570
20045	6.87328528675
20103	20.41067967270
20087	29.64202610210
20005	9.49714705095
20103	9.80903312742
20149	14.15778342380
20197	3.41179558790
20085	13.24188431330
20087	5.87351787004
20131	18.70184581720
20085	13.25818208300
20131	17.07181962480
20085	8.41854303092
20005	24.03889822090
20085	7.01754376426
20043	19.42347466250
20013	3.37955030913
20005	5.45455855255
20161	4.84550018574
20149	5.78163458962
20197	2.19493386233
20085	16.88007452450
20161	3.92039528321
20149	39.97133928240
20117	2.92157947864
20161	17.05405295800
20117	11.07513175730
20117	11.58035101410
20131	9.85611530118
20117	23.18313976670
20013	17.76848031440
20131	18.42172019250
20085	2.15795386420
31133	2.50782343876
31067	3.37049857440
20117	14.31254915400
31067	6.59614547080
20201	9.63345622802
31095	16.78355974000
20201	12.56499734990
31147	3.05536708189
31133	6.76372891072
20013	32.76286018530
20131	17.54430563060
20005	2.00706072155
31147	4.24574999483
20013	13.21891819200
31147	4.84470970430
20043	20.80782058320
20013	2.13634626875
20043	11.11318828090
20013	14.99563223840
20043	19.82198968230
29021	11.53809991530
8011	18.95735026730
20057	5.77055474023
20999	117.37984894700
20083	36.80366092690
20145	60.87388943290
20057	12.08180481020
20145	9.56192357897
20097	28.05813929660
20151	15.30925070670
20057	32.70949561230
20097	3.48005248955
20999	38.90040662470
40999	6.82161980837
20999	25.39064218450
20057	25.37746351820
20025	28.54498564180
20033	14.87814266420
8127	19.80035441950
20135	32.00972590480
20165	31.55417812030
20009	17.04452670740
20999	109.11233557400
20135	25.11391528930
20999	44.57996945440
20999	56.56818712800
20137	29.70203076670
20999	55.16349981200
31111	10.05223391750
20137	2.57071982332
20147	13.48674869160
20137	32.16424850890
20999	19.85540572490
20137	18.17626901010
20125	14.11705270010
40999	7.91245842734
20099	0.23610084710
40999	12.89565659420
20035	17.85101967700
40999	10.51570000000
20191	7.96244123018
40999	7.51513935289
40999	11.32247746920
27069	8.87838223836
27069	52.89733915590
27069	4.32997852652
27119	30.17656574530
27119	12.09638895610
27119	50.16697496630
27119	29.18829854880
27119	31.70104422400
27119	31.16539495670
27119	45.94322804520
27027	4.96711102874
27119	30.50389586010
27027	44.41298716300
27119	14.91611948530
27027	20.79272745370
27027	15.90539311900
27027	41.18972451640
57999	10.41878012880
27027	17.29398377050
27167	18.61020497030
27027	1.45089206353
27111	23.89915296250
27167	29.99626223520
57999	2.30952993053
27111	3.72251805771
27167	22.82906050320
27027	4.20829727468
27005	27.17352762540
27111	5.17217311396
27159	1.50676022313
27111	30.47374202030
27021	7.28752381863
27159	11.03713035670
27153	15.85603274070
27097	0.80980000000
27159	1.40786792704
27111	51.90105984920
27167	20.59892166760
27167	0.10874966667
27051	14.62826397600
27155	8.39356172913
27149	16.88240238970
27167	1.13493945213
27051	31.34922553420
27155	6.34707007735
57999	2.87782663812
27167	16.25131155360
27155	5.22249437069
57999	13.86208419690
27155	43.66334330150
57011	0.61599805195
27155	10.77487350940
27149	17.79301522500
27023	27.29852388510
27011	18.11203649050
27149	13.25645720440
27121	2.11176053803
27023	10.53164998350
27111	1.76568845497
27051	33.09929379760
27041	16.83586716920
27149	7.20817600176
27121	38.95303820490
27111	14.51763976970
27041	13.16184692310
57011	6.38387731430
27023	3.26201803950
27127	20.75413123790
27023	33.37993592430
27127	3.59856379302
27145	20.77829119040
27121	17.45607482450
27023	20.63141414790
27096	30.66968189060
27067	11.23791708960
27153	34.03447062750
27145	12.80181685380
27121	12.43963877440
27153	7.02237516707
27041	17.01411013480
27145	5.60826146496
57011	18.61436775760
27127	60.51020702000
27171	4.81351905470
27023	18.54426028320
27093	26.35755235030
27067	28.21041666050
27129	1.85009686233
27127	0.07185854159
57011	1.50188977292
27127	63.45870033530
27133	45.83861505520
57019	17.17803466410
27133	8.45342820044
27063	7.00038610538
27105	35.01947801110
27133	12.75155091780
27101	33.60765412100
27033	0.54279823139
27063	9.36412823158
57005	32.52621113770
27133	10.16570284090
27133	7.16238458197
57019	12.75795271290
57005	2.93812972294
27133	6.13262625707
27127	17.89597467430
27133	20.80032356470
27101	6.82219198568
27127	58.35035207870
27033	13.61700321100
27165	14.25718414780
27063	13.84083808810
27013	28.27672157670
27165	13.33938887960
27043	14.38763426600
27043	8.13412854842
27091	34.03387320570
27063	28.52600618760
27015	9.33243757149
27127	47.00102598400
27079	4.50681884563
27015	23.31176422360
27103	31.51112232570
27013	16.22152040330
27127	39.67612769650
27019	3.54324705884
27129	14.37456103600
27143	39.78116986490
27127	10.81636200890
27023	2.91503306328
27019	3.80843323428
27085	26.21697543330
27129	52.17560865490
27143	0.39409736107
27127	0.07045516305
27013	30.10813399140
27043	11.45409875770
27043	23.74413632460
27013	9.99674006005
27161	31.42573623210
27047	32.06830379520
27043	1.72507343902
27139	12.92091345130
27079	22.61107880170
27053	15.94373374480
27019	23.82208136930
27171	21.25514040960
27053	27.68358621550
27019	45.41981661220
27085	31.96552103800
27079	1.90454022503
27013	10.70490956570
27161	9.37112093912
27161	9.78538700921
27139	23.37316622060
27079	25.08509417250
27161	0.40104904937
27019	4.43905443109
27139	2.01950500123
27037	17.26947584500
27139	19.82883595160
27037	11.16064498500
27139	8.55364596532
27053	9.79569053458
27019	6.55607664651
27139	1.25438974007
27053	21.19076894550
27019	3.05449665287
27145	14.77625438680
27171	31.58587935210
27093	10.35521074440
27053	30.13137100400
27123	11.92282633470
27163	0.56698610436
27053	7.78773241754
27123	1.93001494554
27037	28.78332142740
27099	31.76489044490
27131	6.51448694603
27039	18.20938300890
27147	24.20835065890
27099	21.51218096460
27131	14.87624097070
27079	0.32225215282
27161	1.52700022921
27039	11.01835759790
27147	19.40847517500
27161	4.35760000000
27037	11.05530760930
27037	12.42114397870
55093	0.29499608472
27049	21.93668430080
27131	10.64956689450
27037	11.66702425310
27049	22.01877355010
27131	5.13019465106
27037	15.00443008090
27037	0.76027090567
27049	25.20417004610
27039	12.56881540400
27045	16.42964120960
27099	33.45582795780
27047	16.76128426560
27055	25.41424102680
27045	25.71285722770
55121	0.87875671832
27169	8.49710719882
55063	13.54996755920
27055	23.07440085390
55123	3.01182542987
19005	34.38006329770
19043	2.83978881257
27055	29.60788736290
27045	29.48066635050
27157	6.84392303103
27109	31.51488103230
27039	8.85479325753
27109	11.79019588150
27045	0.25982628812
27169	31.88771451660
27109	8.74226088206
27169	3.14568260478
27049	44.32172878320
55091	6.53047638650
55011	0.21813949665
27157	5.21437143231
27109	15.69519542840
27049	4.50488723499
55011	2.71545927791
27157	43.91818203310
27157	12.32346473890
27169	9.06500505516
27145	11.10450450020
27141	0.85689855292
27171	27.26548471030
27053	25.13140766490
27145	43.96066092700
27095	19.96436138350
27009	20.96014489680
27145	32.33139527760
27141	23.43097722830
27003	15.11854917640
27053	2.92550268791
27123	8.95106399482
27097	9.82455081604
27009	21.57078911150
27153	14.60761573790
27097	15.71661079520
27145	7.30589711896
27153	14.01899806250
27097	20.97406138440
27025	17.99899106520
27163	12.65943034450
27123	12.98549473720
27025	1.05591137886
55095	20.53430820510
27163	20.45263901160
55109	1.41897149108
27123	2.08576419975
27053	5.26822259206
27123	11.28306958810
27163	4.51494345077
27163	3.18802664391
27123	1.65086640283
27163	5.45268135567
27163	0.41544340168
27037	9.66833538930
27163	12.06983886080
55109	4.93598467696
27123	6.31223121601
27163	18.43307209780
55109	2.08150882295
27037	11.93948195620
27163	0.64980354724
27123	4.75586080747
27163	9.63136901953
55109	6.46663389284
27163	19.38432211760
27123	9.72233748705
27037	0.20901035860
27163	0.94826165166
27037	2.67513207524
55093	3.21451350129
27049	8.22561147453
27017	21.37272038230
27115	41.94137175070
27095	8.99130193920
27065	21.96137094990
27137	2.69399722531
27017	13.34486468710
55031	18.91390402210
27115	57.42429558050
27025	28.26964239290
27061	15.15020095690
27137	35.80109844050
27021	16.18976786560
27017	14.22143659800
27137	16.64157923550
27017	17.27049005330
55031	4.39206866258
27137	89.62605188310
27075	13.52903632460
27021	9.01963501758
27035	21.53709835780
27097	16.46568596130
27035	22.89590277610
27001	20.07432414100
27061	13.99718813360
27017	30.24506497150
27001	6.46999878088
19133	4.79237878824
19185	16.57977135590
19107	13.93155227990
19105	11.70744993860
19097	2.02718376079
19045	0.43192522501
19097	3.83464346470
19045	22.25899164550
19105	22.01439436170
19113	4.70693635499
19065	5.18310000000
19065	0.23072895354
19191	5.38257106739
19191	9.12430339047
19065	0.47136042473
19185	2.35676748111
19117	9.94101639451
19117	12.94941757880
19039	11.49514865070
19061	28.09892480790
19055	0.71025426433
19017	5.15205178629
19055	12.55995786790
19019	25.60507937170
19013	28.30882022280
19013	6.95200940160
19013	2.79749992672
19013	5.00751102345
19017	6.78086038958
19017	1.53032291037
19023	8.51699159856
19023	20.69273969990
19069	27.03030997020
19069	0.24638118841
19083	5.38068065583
19069	1.28898599294
19083	10.53596899850
19083	14.81929305200
19083	19.87524789680
19075	12.65461342310
19083	6.44377560448
19171	33.45215034220
19127	9.52408135751
19127	10.95280657980
19127	22.33380986810
19171	11.18745711320
19127	2.47781380455
19171	3.00465362242
19127	14.21597156330
19127	13.85005814110
19127	15.90224722570
19169	19.87477258260
19083	15.67958921320
19187	16.02429509520
19079	37.75403009340
19013	12.04564716610
19075	30.72999310790
19083	1.75396878536
19065	2.70270742960
19019	12.75311273590
19065	7.45982660545
19019	3.11063988594
19013	16.72003154370
19037	13.84245544620
19065	15.01647530610
19017	6.85011539162
19017	21.86924285900
19017	12.88529146400
19013	10.95915883810
19083	11.43545682630
19083	13.08757837990
19079	16.81533851920
19069	14.45927422810
19197	15.65478849320
19083	3.13505485279
19069	0.27986657535
19197	22.27359116340
19033	23.27938299620
19081	19.31923692200
19197	3.82123560776
19081	8.30003300687
19081	17.57714297840
19109	20.53640632010
19081	23.37387318780
19091	0.11546085917
19109	15.17863130330
19147	3.56190556444
19091	21.30959373280
19109	11.68097785620
19147	30.00805018550
19147	19.66247502460
19091	12.74517791480
19151	12.50844079820
19141	1.24333673343
19167	40.05196213350
19167	23.67054257780
19167	2.50653409271
27133	12.35799535400
57019	1.65844876014
19105	27.20675186610
19019	13.83740519070
19105	3.56853971535
19113	46.18052971680
19055	13.28502405530
19113	24.59917865070
19113	6.97021909650
19011	12.81646460190
19113	5.87414742187
19011	24.86339266760
19171	15.21575441230
19095	22.32958572700
19107	7.11014369330
19103	7.80889057221
19139	3.51455748961
19183	2.24484198330
19157	26.52607638160
19099	28.92934998050
19107	14.09959396470
19123	4.94791980196
19127	6.10402000042
19099	16.91824537810
19127	6.30669423602
19157	5.48969888593
19099	4.30478576833
19127	11.86383555040
19099	5.77981616900
19099	32.68872542140
19153	4.06065632068
19099	3.51824014974
19153	10.90448998120
19125	23.39357522730
19061	6.74300511001
19055	8.26133459966
19105	1.73848987630
19061	8.14101331879
19055	0.66268129595
19061	22.96611285060
19043	11.90636542590
19061	19.09726263720
19197	29.09476005580
19197	6.99442741803
19091	8.26475525551
19197	11.24660646240
19079	5.61558015703
19063	11.04232384340
19147	10.61706714890
27063	2.44095049110
27105	10.90241488920
19059	16.55749417790
19143	2.03076993527
27105	5.34343576456
19059	3.87856650772
19143	28.22714765340
19119	18.32959701760
19141	0.40031438895
19167	7.76283173856
19195	3.30450000000
19033	7.59780000000
27099	16.24732343710
19131	9.73173972628
19195	15.22716289280
19033	2.93121561834
27099	10.90074158730
19131	5.75300843013
19195	14.77632990190
19033	9.93031864678
19067	1.03435344539
19033	8.77671093861
19067	1.59861465338
19131	5.29980604362
19067	32.78322980080
19043	15.37674080510
19005	16.59207302450
19077	14.10799106720
19001	1.12380128582
19029	2.56133448421
19027	15.58014783090
19027	3.70084510980
19047	2.35030022255
19165	22.81550048430
19161	10.79388380530
19191	5.00178619695
19005	1.96679689089
19043	6.55188461163
27047	11.58697559170
19195	3.14714705885
19189	2.37548235312
48491	8.12922478530
48223	10.63834002140
48499	5.34334378550
19055	14.85164392090
19105	1.66886630980
19017	2.71756077761
19013	9.54589122280
27099	4.18633489344
19089	14.55756863400
19131	10.10302497930
19037	25.69938030940
19067	4.88119158964
19153	12.54642859530
27099	0.14679185945
19131	34.88369537680
19155	1.17573774712
19029	8.54718042239
20099	4.33114944804
20021	12.83088810240
20099	12.51673637840
20021	15.55056585550
20139	17.30122904110
57019	11.74000385280
57999	13.99419694420
20169	27.65103195450
20113	17.06254652240
20155	9.61983714432
20073	19.50067587510
8123	45.98503728360
31027	8.14153281979
31051	23.97284166870
19193	1.05678925998
31043	17.17623542840
20159	12.61502959050
20087	4.90542084580
20177	13.02637723140
20091	12.03914716260
20149	1.34611292245
20177	32.19671605330
20197	1.56019407126
20045	14.88123481220
20103	3.45554719401
20103	13.67817970380
20103	5.99096105980
20209	2.40665928208
27163	1.96115368102
55109	4.30003648451
31131	11.20558815690
31127	7.37571712444
31059	16.91088273060
31131	12.05643409130
31127	20.91250558260
31147	16.93927139720
31001	6.95965244171
31035	10.50998948860
31001	16.71180331590
31099	14.30998621150
31001	12.91726217720
31035	19.45127680290
20029	14.84198755870
31153	0.14669321729
31025	18.39816086940
31131	18.98424026990
31155	3.47904557027
31153	1.33121199664
19155	1.70311302326
31153	1.84979066924
31055	8.26707202306
31059	5.37889162746
8043	9.02905926043
8123	0.97428367269
8013	17.28049665780
48409	22.56781872600
48355	6.51980478389
8065	43.13779657700
8021	24.01768432590
8123	10.44398119210
8005	24.12065218230
8013	9.00127230459
8069	28.24336901020
8123	4.94231515906
20077	31.98513965230
40999	2.10062439527
20077	26.69122380220
20007	2.72212717190
20139	11.61280944770
20021	17.68147345290
27155	9.81981864061
57011	10.69198383600
27011	9.91751829786
20043	9.28906986517
20005	10.48125764480
31055	14.68485309920
31153	6.66642365304
20117	10.32828901400
20131	12.39312375260
31129	10.29522315840
31095	28.09610681110
20157	5.93987045853
31147	2.60393557266
8071	20.63581351410
35007	4.97697257101
29013	0.58850217502
20107	7.67018806629
29217	1.90265354177
20011	6.39712706199
29013	1.03148254469
20107	6.26675394242
20037	14.51233678980
29097	1.56720416666
20021	5.44302478775
19153	6.12384670367
19153	6.12384670367
19085	9.66831548273
19085	9.66831548273
19071	8.16737246981
19071	8.16737246981
31131	0.70889779235
31131	0.70889779235
29005	1.26343547916
29005	1.26343547916
19145	10.94656040970
19145	10.94656040970
29147	2.39100618987
29147	2.39100618987
29147	2.70218616864
29147	2.70218616864
19133	0.88771060600
19133	0.88771060600
19125	9.55952692786
19125	9.55952692786
19135	10.03227553200
19135	10.03227553200
19179	1.58496757380
19179	1.58496757380
19107	13.69570454920
19107	13.69570454920
19107	0.45971810928
19107	0.45971810928
19057	0.53653597270
19057	0.53653597270
17071	1.30775854040
17071	1.30775854040
19057	3.66251262094
19057	3.66251262094
19111	10.62983845020
19111	10.62983845020
17067	0.00750000000
17067	0.00750000000
19007	3.38960405671
19007	3.38960405671
19007	10.98257796470
19007	10.98257796470
19185	0.48210000000
19185	0.48210000000
31019	3.69479930849
31019	3.69479930849
31109	15.32652390260
31109	15.32652390260
31151	5.76394314993
31151	5.76394314993
31067	7.74206647306
31067	7.74206647306
31155	1.50393731585
31155	1.50393731585
31153	1.46093627513
31153	1.46093627513
19155	0.80482839000
19155	0.80482839000
31055	1.64205091982
31055	1.64205091982
31153	3.90400690577
31153	3.90400690577
31147	8.73582658836
31147	8.73582658836
19193	7.70255427016
19193	7.70255427016
31059	6.49746268960
31059	6.49746268960
31095	2.22863524382
31095	2.22863524382
8065	4.44174209630
8065	4.44174209630
8065	8.17657987425
8065	8.17657987425
8059	3.11402476548
8059	3.11402476548
8093	36.38383159710
8093	36.38383159710
8059	15.87610799400
8059	15.87610799400
8005	2.73723795275
8005	2.73723795275
8059	11.62181165990
8059	11.62181165990
8005	9.45608243012
8005	9.45608243012
8041	3.59559651796
8041	3.59559651796
8005	0.97520000000
8005	0.97520000000
8059	8.88730965382
8059	8.88730965382
8101	16.20675569490
8101	16.20675569490
48113	12.37587191230
48113	12.37587191230
48085	6.47224281824
48085	6.47224281824
48231	5.71778541483
48231	5.71778541483
48181	14.66498090280
48181	14.66498090280
48239	17.85521407350
48239	17.85521407350
48027	2.15956000148
48027	2.15956000148
48491	2.72745862663
48491	2.72745862663
48453	0.83420128267
48453	0.83420128267
48355	6.26729611874
48355	6.26729611874
20027	1.72040000000
20027	1.72040000000
20159	12.95027977500
20159	12.95027977500
20159	5.83901147284
20159	5.83901147284
20041	0.36871215060
20041	0.36871215060
20113	18.64408523460
20113	18.64408523460
20115	23.72080098090
20115	23.72080098090
20041	0.28518839387
20041	0.28518839387
20115	4.01228280409
20115	4.01228280409
20173	12.76523448700
20173	12.76523448700
20155	32.37253173530
20155	32.37253173530
20077	4.28712877926
20077	4.28712877926
20191	1.30102323192
20191	1.30102323192
20077	9.19637309867
20077	9.19637309867
20073	4.16311463450
20073	4.16311463450
20125	13.17008127860
20125	13.17008127860
20205	6.24717589475
20205	6.24717589475
20125	10.34598397700
20125	10.34598397700
20139	0.99407175294
20139	0.99407175294
20177	11.91740787370
20177	11.91740787370
20139	8.38339611726
20139	8.38339611726
20087	6.82667665632
20087	6.82667665632
27133	16.78960755500
27133	16.78960755500
27101	25.41686598270
27101	25.41686598270
27063	10.22063594820
27063	10.22063594820
27105	7.02784398890
27105	7.02784398890
27013	4.13840000000
27013	4.13840000000
27037	1.56969252085
27037	1.56969252085
27131	4.25028688208
27131	4.25028688208
27131	11.78662935170
27131	11.78662935170
27009	0.11268296233
27009	0.11268296233
27141	40.95778352140
27141	40.95778352140
27003	22.43274701150
27003	22.43274701150
27053	5.39306375519
27053	5.39306375519
