ID	length
19119	4.36709979964
57017	1.12953236784
19119	11.87648155180
19119	10.45865423160
27133	11.30733627020
27105	2.28953621723
19119	0.43665218424
19119	12.78592561110
19167	8.07805923406
19167	7.15837479460
19167	5.96652371681
19149	17.66290805040
57025	17.03464842860
19193	2.08065268606
19149	12.13920151030
19193	6.49084430808
19193	0.98675019129
31043	8.41076413362
19193	1.00648823639
31043	8.19756227010
19193	7.55847299083
19193	21.74129602790
19193	15.03238354370
19133	0.33215636378
19193	4.69461852018
19193	21.90534963090
19193	5.41574405851
19133	23.69139238900
19133	12.13361723540
19193	1.48037634742
19133	19.63838930680
19193	2.50816106740
19133	27.04491810560
19133	11.63279890460
19085	3.75598168260
19085	7.70102545287
19133	19.67360360540
19085	11.09924267420
19085	16.18596095920
31177	1.88908869564
19047	9.29239190972
19085	33.77924873030
19085	2.91658433946
19155	3.44216235091
19155	15.13956862120
19093	17.38547579420
19193	4.20934184879
19093	2.88512503040
19161	6.05008898849
19161	10.52140425940
19021	6.34679822867
19161	23.09469505440
19021	4.25858547055
19161	6.76969281873
19025	18.34102554330
19151	11.65699472060
19021	5.25024309723
19025	15.63176016490
19021	12.44979132310
19035	13.56485687430
19021	7.00490408718
19021	6.04173002640
19041	5.29466155716
19021	7.43095602476
19141	7.01479061343
19035	9.93913779803
19035	17.91083126990
19149	6.11517195757
19035	15.75042284260
19035	1.46190355359
19093	4.51278609925
19193	3.17421913377
19093	7.16975388907
19193	5.64566958581
19093	7.89482522031
19161	11.49293029040
19093	1.37571360755
19161	11.32641170130
19193	4.57598924168
19193	6.19600952307
19193	9.45381240010
19149	1.66839945457
19193	9.46160427721
19149	3.52360466596
19193	9.62777562715
19085	17.83435616460
19155	11.70168538430
19047	9.87393962105
19085	11.72539739340
19047	12.89319823700
19133	1.92149277822
19047	15.36350398070
19047	17.54066567340
19129	10.98459550300
31025	0.67671330710
19071	16.88478873890
31131	3.20159178684
19071	8.16750779695
31131	0.70889779235
29005	1.26329529802
29005	8.97689461959
19071	25.42810227070
19145	3.70800742071
29005	0.90321403886
19145	12.70996862180
19145	8.10126960886
19145	4.74454378328
29005	11.04749237800
19145	12.75368554740
19145	11.59102848070
19145	10.94656063830
29147	5.09319235851
19145	3.88163758870
29005	2.14278732568
29147	2.02364151964
19137	8.67212284781
19145	10.49730028020
19129	10.96384444840
19071	1.16020588259
19071	10.89967365790
19129	7.38698522860
19071	2.30021151201
19129	3.17542967606
19129	7.54220473601
19129	13.36993294390
19155	4.09506246997
19129	10.90413394710
19129	8.64662283610
19071	1.01160392447
19155	10.68538188010
19129	5.43199423174
19129	11.90367384190
19137	8.30922309550
19137	7.27032017496
19137	6.50414574594
19137	3.23996137999
19145	11.58064548470
19175	5.10851117712
19003	5.08962110181
19173	27.54509694720
19145	5.63345348561
19175	5.82460158466
19003	1.98631039610
19137	4.39309453124
19003	6.20268229788
19003	3.62025652415
19175	1.60255476661
19003	15.71668981870
19175	5.16367568695
19173	10.70970134130
19173	7.87788909431
29147	3.71632580779
19159	15.86764334940
19173	7.39310214482
19159	8.88667269232
19173	5.37385794686
29227	5.54439366028
19159	8.41607562223
19159	6.07186062195
19159	11.58675128280
29227	6.50164759734
19159	2.03910090481
19159	4.94688990882
19159	4.59619401244
19053	10.03729426220
19159	3.31926924989
19053	3.38646230306
29081	6.52464848236
19053	15.25879158640
19053	15.60374578610
19053	8.27891519287
19159	2.00699561783
19159	3.51737231467
19175	12.96848125080
19159	6.71523690924
19053	11.48406501120
19053	0.24822973231
29129	6.03052659685
29081	1.50950744616
19039	11.52527108480
19053	1.50031217085
19175	15.52786721010
19039	11.38181657990
19175	3.82084830290
19117	2.53707988361
19039	14.87568042100
19053	4.98464589661
19039	1.86618912761
19053	2.32552322460
19053	7.97191645494
19039	8.15561074009
19053	0.60466116131
19185	7.53313061585
19053	3.21033095517
19185	14.73236508270
19117	3.99657077126
19185	2.43369774924
19185	9.56453933038
19007	7.54108932106
19185	2.82917039607
19185	0.53506976181
29129	10.00288403210
19185	12.12553952700
19185	4.59365066151
19185	9.31596988456
19007	9.17819054567
19185	0.62341576817
19185	14.25583250750
29171	5.48615553867
19007	19.48292247920
19185	0.48210000000
19135	4.61777147194
19007	13.61919527240
19135	19.98904814030
19007	11.72808735180
19135	3.34975225291
19007	8.12619499862
19007	13.40606874370
29171	5.32581514989
19051	2.23614944711
19007	16.07128368460
19007	9.09940059598
19007	2.85203139500
29171	11.11678694380
19007	13.37096085690
19051	2.54565136919
19007	13.30124377580
29197	5.10866608384
19051	12.26058321610
19007	3.33091317809
19179	9.74537713136
19051	10.70205207830
19051	15.95629914840
19179	3.68541319529
19051	4.51293478740
19051	12.14524512820
19177	6.56031789169
19051	3.23474454169
19179	2.61602385692
19177	21.82680119750
19051	0.17766676673
19177	13.92438065110
29045	4.80259110039
29199	0.00670074623
19177	0.00670074623
19177	17.44990847970
19111	0.65604451831
29045	2.48455708800
19111	1.50622369550
29045	7.87491655550
29045	6.91196996190
19111	13.02762245100
17067	0.77246836828
29045	0.19860010071
19111	0.92340709332
17067	1.58485003076
29045	0.79884539180
19111	16.81135044390
17067	0.66437056678
29045	0.07258870436
19111	4.55873252670
19177	1.36819070308
19111	18.82493612480
17067	13.71569553740
19111	39.78095315300
19111	8.34871027019
17067	3.20238681430
19111	6.87717298319
17067	1.58673609967
19087	11.98615274070
19111	2.99399208082
19057	8.25803256196
17071	0.39900637790
19111	10.62966198010
17067	0.00764002618
19057	0.53653597270
17071	1.30772980772
19087	0.15127633655
19177	7.46798453427
19111	5.45128390564
19101	6.56961946475
19177	8.39554087890
19101	6.27881327163
19179	2.94893300897
19179	13.35287724150
19101	6.80686292616
19101	8.74775270296
19087	8.84806183019
19101	5.16397632280
19087	9.28716999142
19087	2.26304033548
19057	4.73921913826
19057	4.49548038592
19057	7.24747021339
19057	11.65774663930
19057	11.14391326300
19087	8.36587526445
19057	3.62641228625
19115	7.44186462789
19087	4.80802406920
19057	22.05115517310
19115	8.83016146011
19057	2.11130484061
19115	6.54290809471
19115	8.04928674172
19057	8.52492306755
17131	11.53824260440
19057	4.71637815873
19101	6.88645948089
19179	13.30718592320
19101	7.23485301455
19179	13.55724932580
19101	4.96933644233
19183	0.30622988097
19101	15.78813528460
19183	0.81164770683
19107	2.10008852432
19101	19.21141102940
19179	1.81109243552
19179	12.04620663540
19123	0.76352777291
19179	3.58142063712
19101	1.20604562517
19179	29.44229112440
19135	7.35005068670
19107	0.01147388339
19179	11.70298110320
19107	6.16100987631
19179	5.90094113440
19135	10.29878624300
19123	0.42543292068
19135	12.38476851870
19135	17.82017956120
19117	4.99632827269
19125	4.39808679025
19135	10.63688563320
19125	4.33658548284
19135	10.03224182250
19117	7.69468086662
19181	20.42242993070
19117	10.13491551690
19117	10.41232634180
19181	2.18916124577
19039	8.38398999092
19121	2.29322175334
19175	10.59344423640
19001	4.91673303734
19175	6.92529044421
19155	3.51587183906
19029	4.73688280928
19137	11.31781676870
19155	6.20251042398
19129	9.67205772582
19155	1.70301578384
19085	8.73735600739
19165	3.23001029100
19155	22.56798713010
19155	24.33987195770
19085	2.92270716289
19165	4.57329688643
19155	27.02191541530
19165	8.82029013070
19155	15.91413607290
19029	0.11024558948
19155	18.62653873200
19165	12.48196124490
19155	1.26084039434
19029	22.94365549420
19009	3.97830671517
19029	7.17940369274
19077	1.25260672998
19001	3.34262437280
19029	17.55535684330
19001	2.04479509242
19029	10.47711373220
19001	9.22237779412
19001	3.79442518470
19001	8.17508485584
19153	2.08501942437
19181	15.04933208020
19121	15.40527024060
19121	8.92493829618
19181	24.37390376120
19121	3.81177184653
19153	9.90553855331
19181	8.04991351477
19153	3.56042946005
19181	10.21802464800
19121	6.63052606894
19181	7.39822246700
19121	2.41442021803
19153	10.56302738920
19181	5.39991027345
19153	13.16574416550
19125	1.48552512601
19181	4.81445478808
19125	26.49656125620
19125	5.22296294166
19099	3.51831085868
19153	16.87850651510
19125	23.39352495420
19125	4.40021739918
19123	14.63357071740
19125	1.31200000000
19123	2.30316518296
19123	12.11738850810
19135	2.26280103412
19149	13.12872527580
19149	10.59268375490
19167	14.29019562030
19149	5.56074759452
19141	17.88278249040
19167	25.56617997190
19141	20.58006220310
19143	12.17161309030
19041	17.28152404850
19141	13.88201421220
19041	24.75055561000
19141	3.04043593352
19059	12.23916595030
19041	8.69563822270
27063	2.44117366240
27105	16.24585766530
19059	16.55754844980
19143	11.32486000660
19059	3.87856650772
19143	18.93284828960
19041	6.46262575157
19141	8.01643460990
19021	25.17787568990
19041	9.11090064252
19151	7.52680564519
19021	7.49869696887
19151	39.66868491090
19021	9.98758001455
19025	13.10524923610
19041	10.43931908340
19147	1.83830526573
19041	12.24835657430
19063	12.31306750340
19059	16.69863943520
19041	11.30079057690
27091	23.67871275760
19063	30.60294278040
19063	11.04240618890
19147	21.52521170480
19147	19.66239699470
19151	16.63424872510
19151	14.87405308550
19109	11.68098718250
19147	13.78738309090
19109	14.06605648350
19063	11.10059002600
19147	1.08495663047
19109	1.01694255181
19147	19.78263987990
19091	9.04949190481
27043	5.61181870876
19109	23.67273689610
19063	6.51837228915
19109	23.99670675470
19021	6.99415278644
19189	21.83003360640
19109	25.03119302010
19081	23.61412863960
27043	9.88249456519
19189	6.63445359052
19109	7.21689260693
19091	7.06286746135
19151	8.31981054866
19187	21.02739814140
19025	20.26408899450
19187	22.20198476010
19025	7.69297439753
19187	9.11921763804
19025	6.48030893344
19161	9.53232102766
19047	7.61562950613
19161	14.74921025400
19047	6.32207075154
19161	7.69943019277
19025	14.29292393730
19109	14.16161804020
19091	12.26010182800
19109	21.91177102400
19081	3.29982315818
19091	0.11546085917
19081	12.13575682890
19109	2.50070000000
19081	15.80505052740
19197	8.88463237969
19091	27.80250276960
19151	1.80682363555
19197	3.88106049940
19091	8.26484241299
19197	2.17550466789
19091	14.45744279990
19091	12.02698960260
19091	12.85950193670
19187	10.45751362110
19187	6.15770360118
19025	3.76327652983
19047	9.68550809204
19161	3.56172493323
19027	16.65482807400
19047	14.63032621670
19161	7.19768040035
19025	28.41449532950
19025	15.70968992870
19073	15.30180082820
19027	19.08767120580
19073	26.86837856130
19027	12.67231956850
19077	3.66157072681
19073	1.82046555035
19027	30.06114906970
19077	3.43509127070
19009	24.40733861520
19073	5.04191378903
19077	5.08778941545
19049	16.42430921690
19077	16.68294132170
19049	12.82776072430
19077	9.28878672691
19121	5.53204913831
19187	11.24921602650
19025	6.60764823631
19073	20.59880444640
19015	23.01285828610
19073	10.89941136360
19015	0.78193096882
19073	3.91046637628
19015	1.60428000050
19049	11.77184839860
19077	1.14592848381
19187	6.96855070004
19015	25.90581795180
19073	2.77489602868
19187	16.64333236150
19015	15.70689526680
19187	18.83887945610
19197	4.37884215768
19187	14.78544187900
19187	12.40546699830
19079	8.10229263336
19187	8.76291137279
19079	15.34587682940
19197	36.35089536870
19079	21.30186927460
19015	5.72902702707
19049	25.34944427280
19015	1.65902053333
19153	11.65392142690
19049	14.53945058600
19075	12.65459775730
19083	25.81400635410
19079	9.69773751192
19171	6.39317804544
19127	14.94697740920
19083	11.91328125310
19127	14.34910777760
19083	30.20129111900
19083	25.82765246080
19169	30.10084033230
19015	23.59656553890
19015	1.77341916647
19049	15.58544202760
19079	9.46932363308
19169	26.82887203260
19015	6.34310085841
19169	19.40568085680
19015	10.77445078940
19169	8.27286558564
19153	8.27298710330
19169	1.40467412947
19153	10.39916623810
19153	4.35561747861
19049	5.83812794995
19153	4.78936317312
19049	8.60212011114
19127	15.90219143810
19169	19.87476614400
19169	10.85378925330
19127	3.54313581885
19169	16.94977411340
19127	5.04586851825
19127	5.72646940358
19169	8.60430452323
19127	6.10416000011
19169	5.47491709983
19099	15.74664598130
19153	7.20706413671
19083	13.08759799140
19079	16.81530521720
19069	1.28857386284
19083	10.53635975970
19069	0.24638118841
19083	15.97850502680
19075	7.46570657160
19083	13.18943226280
19153	6.12384670367
19153	11.85997760070
19153	10.91516848660
19153	2.89613567534
19169	3.57820282963
19153	17.26664134220
19153	16.21005952520
19153	6.23615984304
19153	6.71645104426
19099	4.45704071676
19153	10.63305269510
19099	2.06728845323
19153	7.92760911685
19099	12.06297948460
19153	0.69111276215
19099	3.69422617878
19099	11.63406352390
19099	16.59762118070
19099	7.28674000445
19127	6.62492757062
19127	4.67087492680
19127	19.06923570700
19157	8.78116864893
19099	22.29290260280
19127	11.86405911740
19099	5.77959260193
19099	16.28466620480
19099	7.62745120164
19099	2.18657586194
19123	0.94407902212
19123	5.26879820144
19123	13.70887669930
19107	0.40302297701
19123	13.63207295860
19123	9.02919050982
19123	10.07364154550
19123	12.93392256770
19123	13.55518147230
19123	9.55644461618
19123	6.36198006411
19157	17.81107255740
19123	1.70079819497
19157	20.60356152440
19107	11.27699425820
19107	7.20604347914
19157	19.74818064820
19107	3.65427463117
19123	4.94801748142
19011	0.88372675641
19171	0.90674261508
19157	26.74377787130
19107	3.20188947498
19107	1.07001989234
19123	10.26360096850
19107	10.54374842880
19107	7.99437029386
19107	17.08508450750
19107	9.53016776053
19107	6.39077311341
19123	2.46401058642
19107	3.42559637105
19123	2.80218445146
19107	5.86592666520
19107	12.01233566890
19127	20.05911180020
19127	2.28638541152
19127	9.57136727683
19171	11.45553859380
19127	8.79338456676
19171	11.18745711320
19127	2.47781380455
19171	24.16324560330
19171	13.45462970070
19011	0.17661964783
19171	15.77884973910
19011	0.32383418597
19171	22.87623681230
19013	5.92406431005
19075	6.00810491211
19171	24.72197353710
19013	0.98186684433
19075	23.26428468760
19011	15.11441620430
19171	8.14483925157
19019	1.29710837250
19113	28.13055465060
19011	24.86339266760
19171	1.76112471165
19113	6.97017053096
19011	12.81646460190
19095	29.96209681080
19157	3.29121596070
19113	7.00200232729
19011	26.25863414300
19095	0.43592069233
19113	7.35070833322
19113	3.76330240613
19113	5.92248490670
19113	8.96547319102
19113	17.63258270870
19095	22.32953748010
19107	7.11028498117
19183	5.30595349044
19107	12.91857850380
19103	10.46431551910
19183	18.79631308230
19103	17.68888452060
19095	4.86517600472
19031	1.17192322701
19103	18.39025458580
19139	15.06426017860
19183	2.24484198330
19113	10.15850003340
19103	23.69633809670
19031	7.17510704418
19103	4.22413577078
19139	2.65605645271
19139	5.74437095647
19183	27.47737654020
19107	16.83736423060
19101	2.54538868152
19183	33.65385785680
19107	8.70331562130
19115	0.44177647063
19087	3.30456397639
19183	9.85752800561
19087	8.74524853318
19101	2.59314863910
19183	0.98578590475
19087	14.87749863730
19101	5.23376425625
19139	35.82778882130
19183	12.73870157900
19115	6.58633928652
19139	6.02414417952
19183	12.19238766010
19115	11.93929314190
19031	2.46191840737
19139	13.37999522430
19163	0.33542702634
19139	21.58221656650
19139	13.15612859080
19115	14.84126328100
19139	2.78131609117
19115	24.34791902890
17161	4.11317641250
19163	15.87527159240
19139	21.02964487690
19163	12.38432696470
19031	11.20656865750
19163	12.20359948800
19139	1.65921240352
19031	24.63941777300
19103	2.63420291549
19163	18.20592123170
19163	18.46281884500
19045	1.82440251315
17161	26.89566358390
19163	7.02979331599
19045	5.64199912712
19031	23.25060088780
19163	17.77143602530
19113	18.46226928220
19031	12.26438824740
19105	10.39372311280
19113	13.29256122550
19105	16.63018072340
19045	1.19920400683
19031	0.09693446240
19105	13.20905784720
19045	4.66332322338
19031	7.48883756767
19045	18.41966428160
19163	2.51219220005
19045	15.42954669520
17161	1.24845354339
19045	11.59208243550
17195	4.31881101312
17161	0.05691344305
17161	6.68324615025
19163	1.57602404169
17195	4.05197381434
17161	29.37767948140
17195	7.96140994412
19097	2.94812466178
17015	1.45549716592
19045	4.09512641075
19045	17.05498031120
19045	10.85885504480
19097	3.70537446803
19045	9.54026579685
19097	11.02813896390
19105	11.48997899720
19097	23.70998834600
19045	9.69898746682
19045	38.93200709590
17195	0.49223095295
19097	11.09116302590
19061	8.98821618400
19097	17.69410438230
19105	2.74962029560
19055	34.17658800690
19105	1.66886630980
19113	6.96658479390
19105	9.32880170026
19113	21.33734527360
19105	11.45346999030
19105	23.56813037060
19061	6.74309148836
19055	8.26133459966
19105	1.73848987630
19061	29.63045440510
19097	11.91159767120
19061	18.35198237180
19061	5.84471209898
19055	12.47976549800
19055	17.44866419160
19055	8.00003312493
19061	27.25120643470
19055	0.66268129595
19043	36.88356973490
19061	4.60100000000
19043	18.38886627930
19043	20.79444867730
27055	2.13893361515
19005	34.38019346140
19043	2.83978881257
19005	16.59215086630
19081	18.78328027470
19189	0.58609209174
19081	36.02343812560
19197	12.61152861210
19069	0.69590599656
19197	33.89621717090
19033	41.59868431520
19081	5.39685107020
19197	11.27384521880
27047	0.54456220949
27043	6.14400474691
19189	22.68623157820
27047	11.58711280190
19195	3.14692352942
19189	2.37557058830
19195	15.91479631050
19189	1.56773116318
19033	27.35440049470
19069	11.46510215340
27047	28.13825501620
27043	4.39456073345
19195	18.33586031340
19033	25.40890708590
19069	11.36943860580
27099	15.93347512760
19131	5.75314825588
19195	19.04512533500
19033	9.01544865594
27099	5.38854430064
27099	0.16569640913
19131	9.73187419976
19195	10.95820144670
19033	1.36467228667
19069	14.04327869310
19083	3.13499730143
19069	27.65604828480
19197	6.69399646828
19083	2.64085183606
19069	16.69178846150
19033	20.42394954720
19067	0.17162424071
19023	13.80503512600
19069	10.33861821150
19033	8.77671093861
19067	22.18673033300
19023	31.15331380150
27099	0.14669321729
19131	23.53484814620
19033	9.93032552604
19067	33.81758324620
27099	26.00462200810
19023	31.29229805330
19069	1.26725887253
19023	2.06505000424
19013	1.14342777647
19075	19.51734459590
19013	13.86130038100
19017	16.10496576040
19023	6.05276979571
19013	10.95916159960
19037	21.53509859110
19067	11.36228058820
19017	20.21097024590
19013	12.95906613510
19023	11.88132604340
19013	13.04165533830
19075	0.02151766716
19013	5.00751102345
19017	7.18570077765
19013	9.54599061134
19017	1.53032291037
19023	8.51691866581
19013	16.82867515520
19011	12.34563406400
19013	7.14515737557
19065	10.16253403500
19019	24.99842860500
19013	31.87656999830
19055	6.52014644697
19019	29.01067290150
19065	21.27415598540
19017	22.94351800920
19055	14.55237463140
19019	11.34279151550
19065	9.94201580705
19017	14.92254256880
19089	8.16904256393
19037	26.07615163580
19017	5.77597917586
19191	4.81294964740
19037	12.98953126650
19065	33.47427963950
19065	13.06627822620
19065	5.00751102345
19043	11.32373586730
19065	5.02074265622
19055	8.38010823145
19065	15.55222602750
19191	9.12424889275
19065	21.35599165350
19191	17.54368404360
19191	5.00178619695
19005	1.96648087964
19043	14.29528563580
19191	15.49600594640
19089	8.19815479653
19191	5.38257106739
27099	4.18624108360
19089	6.38847376040
19131	10.10311878850
27045	1.72846966418
27099	6.84515651258
19089	1.81949703215
19131	20.40585275430
19191	22.05355760570
8065	6.53518154805
8021	24.01761503910
8065	73.93538643490
8021	27.02089547260
8021	25.33159904390
8021	7.12895690495
35055	10.81858231970
8021	12.88761207650
35055	3.37297640964
8021	23.70935239300
8021	22.72865832210
35055	0.95385253053
8065	45.17727134030
8065	32.32549975360
8065	26.48088197620
8021	15.82937319160
8117	74.78315117020
8117	50.22512952050
8117	0.28169886404
8013	22.64089510790
8047	7.72890926457
8069	2.32009328476
8013	37.32194843940
8013	4.04657389034
8069	39.47612866880
8013	8.87727556405
8069	7.70509883419
8013	21.19139767420
8123	1.21786423900
8013	20.43252274800
8047	21.18871791510
8059	31.11225378330
8059	1.40457989449
8019	26.70431613830
8069	13.74647362580
8069	3.08291001653
8069	4.45116166860
8123	2.81294345661
8069	8.71984418450
8069	18.90965027390
8123	4.94246678969
8123	33.81187788990
8069	2.67802735236
8123	19.34570383960
8013	3.36751389901
8123	5.64676250607
8123	9.71193991172
8123	9.41073256130
56021	5.96748396153
8123	37.78909284320
8123	20.14254559890
8123	25.29235519450
8123	3.96540000000
8123	35.35404826580
8005	5.15761480192
8123	13.68242891180
8005	6.09265173937
8123	11.71737470610
8123	29.42475191450
31168	5.03771948901
8123	2.66954697655
8123	57.34902065470
31116	4.26460270248
8123	27.97245205870
8123	87.51745090690
8123	41.96216631230
8123	38.41805043190
31094	0.01306330739
8123	85.08816180290
8123	6.27948061626
8123	12.54767932260
56021	1.08413184161
8123	46.52203612550
8123	40.32483694000
8123	28.30500226200
8123	1.46847099562
8013	15.50579229290
8005	1.15466372594
8059	3.06910966289
8005	7.33945120742
8059	19.41775915930
8005	24.28491758290
8059	5.72728647011
8005	17.95401669700
8005	4.70605537358
8059	10.33270632690
8005	6.39621222305
8059	8.88725122991
8005	2.73728085881
8059	27.49789293040
8005	15.07123486560
8059	0.25695233021
8035	21.39947373980
8005	15.42594608500
8035	37.92797670120
8041	0.73418633194
8041	18.66889930200
8035	16.44732155760
8041	26.74423224170
8041	13.81817750030
8041	24.83577658880
8035	29.57306002860
8041	27.91775172910
8005	11.64879634910
8035	8.31596356705
8041	15.30449137330
8041	13.16751236490
8035	7.26271403165
8041	33.21114264260
8005	18.53089374430
8005	56.82643390290
8035	43.61863812740
8005	2.18990867846
8035	47.10528868820
8127	23.17211480200
8127	4.25640762381
8035	30.22645932130
8035	39.53304534420
20999	5.93440379229
8127	65.06265066400
20199	7.79004917700
8123	23.60056696350
8005	24.89224078020
8065	61.10752518650
8065	11.78608493190
8065	27.54230451030
8117	15.09177732580
8065	31.19794227970
8117	18.36875314550
49039	5.45070105630
49039	0.18078000443
8065	13.66854688130
8117	32.46737376150
8065	34.49635749970
8117	25.52730175640
8117	6.81810839261
8117	28.59335188520
8117	46.02740658500
8065	2.28088510353
8117	10.63292056680
8117	5.58538132533
8117	1.58610000000
8117	36.63187264010
8065	35.64424777610
8065	43.10459229950
8065	30.11935780140
8065	38.82190790720
8065	4.66399058747
8065	31.78971345130
8065	11.25303179240
8065	43.43886423390
8065	45.47762748620
8065	35.84787439700
8065	9.78600832901
8109	23.91517571750
8109	35.05355344280
8109	18.83609399430
8023	20.22509739030
8021	31.20244564490
8023	0.50822571757
8021	5.84324186251
35055	4.80754688797
8021	26.05752206410
35055	1.67182379744
8021	17.25458406990
35055	27.26263163510
8021	25.33580611790
8023	32.10485733180
8021	13.14021113220
8023	47.60818428620
8055	11.05731260660
8023	28.56161796340
8055	30.40824559020
8071	12.34784055850
8101	3.68537865761
8055	22.08122109640
8055	4.88792088251
8055	1.87797211108
8101	3.58950282083
8055	28.67329056960
8055	5.62927137203
8071	22.47773142460
8071	3.24892908510
8071	2.49601622791
8071	1.61250751936
8071	13.10311619980
8071	26.01350178500
8071	22.66971057100
35007	3.69391843759
35007	11.35038088010
8071	12.74625657470
35007	3.99261109175
8011	38.68714973530
8071	38.93012844530
8071	5.82105612440
8071	2.15266264194
8071	4.65300000000
8071	38.53490347970
35007	4.97701412035
8065	30.36854405700
8065	24.44063747560
8043	4.12317464639
8065	6.90114569691
8043	29.76447326580
8043	23.68659000430
8043	22.76354777700
8043	6.39379184522
8041	12.81397120770
8043	18.50094104540
8041	1.63627536191
8041	22.87272065720
8093	39.92484897510
8041	24.50238734620
8065	11.86460545530
8093	6.23823190028
8065	31.91820529180
8065	5.18656755599
8065	4.47531496322
8065	33.89461650350
8065	8.17667602697
8065	8.28487940762
8065	14.31776534640
8093	28.41248705830
8065	0.11870909822
8093	9.66967469858
8093	18.20227312240
8117	18.94389078180
8093	10.35490090590
8117	21.41421218230
8065	9.44633590846
8117	20.73480970820
8065	10.33880252670
8065	3.53354698002
8059	3.11401795916
8093	34.43184997750
8005	2.62264555363
8059	8.39726681551
8011	31.76529792020
8011	48.96557484450
8011	8.67076869928
20999	8.73668751944
8011	55.75081432660
8011	36.26438036290
8011	11.39249713240
8011	11.03780874130
8101	10.16443947080
8011	7.37114420126
8101	8.96858168560
8011	17.86356705600
8011	30.43953423510
8127	30.00864193820
8011	0.59389965482
8127	41.42218318430
8127	2.14789121698
20999	7.18031356488
8101	26.62458700030
8041	11.67963754950
8101	17.87014180050
8041	25.99821553980
8101	43.54668181590
8041	26.76440194140
8101	18.11462328660
8043	13.39201554140
8101	43.15257336010
8043	12.34638108570
8043	16.29590639010
8043	15.01592390860
8101	19.94983914910
8043	3.19699128088
8101	25.89833504640
8013	3.23706779045
8059	0.02948982876
27133	1.87022064206
57019	2.48113913737
57017	14.01157407820
57019	5.83981967273
27133	12.35799535400
57019	14.90648935980
27133	8.45342820044
27105	22.23109525610
57019	24.28925144720
57019	4.27668502698
27133	20.56844826140
27133	8.47861891251
27105	34.13150423550
27101	14.77816638530
27063	14.23672420970
27105	13.77232903960
27133	29.54123335950
27101	44.24644141460
27033	0.54257479669
27091	10.37565559790
27063	40.87457759740
27091	22.21092745580
19109	3.83067413621
57005	32.52611331420
27133	10.16577482540
27165	9.28588606650
27091	17.87218106570
27165	8.83289124240
27165	28.09566406930
27091	15.41427945200
27015	16.05661377540
27165	10.86084145060
27043	26.39966345820
27091	19.20399679320
27013	28.27687838480
27165	1.11890379390
27043	29.75442224790
27013	43.35241861320
27043	11.45403875750
27015	6.97750926115
27013	16.11677426790
27047	15.72114375170
27043	1.72507343902
27013	6.23518998347
27161	11.55901173900
27047	20.88653830100
27161	16.02053665030
27047	16.34716679530
27147	17.52581974360
27047	16.23029776390
27099	25.19179366200
27047	16.76126082430
27039	4.45990659034
27147	15.86531722340
27099	15.68263453050
27039	1.39055844361
27045	12.73420171460
27099	35.09658555990
27099	9.83246881737
19089	15.61716827920
27055	6.61905209134
27045	47.78287252250
27055	28.72640804630
27109	28.59121649410
27045	7.85538269039
27099	5.80427563932
27157	6.84398791915
27109	11.81574912510
27055	35.38131928380
27045	18.76607131040
55123	3.01152144937
27169	31.80797758350
27109	7.53724994477
27169	3.86761314120
27109	27.62642650220
27169	35.57029403190
27049	5.88315067035
27039	25.55635577870
27109	11.68674004230
27039	13.43205563230
27131	7.09733571658
27039	16.81861210930
27147	16.89601197860
27131	6.51458641511
27147	8.34301742726
27079	17.36342596010
27147	10.44642171000
27161	14.54403605860
27049	4.03873675795
27131	12.30410019780
27049	18.25793381710
27049	19.04555944210
27049	10.90938027300
27109	15.69514093000
27049	10.91087444940
27109	14.76764368540
27049	4.50488723499
27157	49.62164283630
27169	9.06486402601
27045	11.59331433540
27099	4.66139385592
27131	14.87624097070
27079	0.32237650349
27161	1.52690437487
27037	18.02055595480
27139	2.60174608043
27131	15.50386380490
27079	1.65638742147
27037	24.97858500590
27131	14.89985377660
27037	4.01660000000
55093	0.29480205223
27049	21.93685407600
27037	11.66702425310
27049	22.01872710960
27131	16.91682400280
27049	14.36788900850
55091	6.52891778893
55011	2.93361596279
27157	11.83517682900
27139	2.30455707892
27079	24.33204930550
27013	17.11249118470
27161	15.40506306530
27139	18.97414766590
27139	7.84720620667
27019	4.43905443109
27139	2.01947082673
27079	2.78584667561
27015	0.90735806053
27103	31.51122196480
27163	2.64063135713
27037	14.61458511760
55093	3.21451350129
27049	8.22561147454
27037	9.10450000000
27163	0.56698610436
27037	12.95319285040
27163	0.41544340168
27037	9.66833361966
27019	16.10184180580
27143	36.13069252700
27015	0.95889050991
27103	4.45700258470
27015	22.40441051040
27127	14.63942079390
27037	9.24527290349
27139	19.82892031730
27037	21.54095175090
27139	8.55364596532
27037	0.76027090566
27049	19.32103668040
27079	20.84424837080
57011	18.61432836530
27127	51.01081810030
27127	38.29620894940
27127	15.80300815620
27015	8.57142413211
27127	20.22398664050
27015	3.25651111621
27127	17.92301092610
27129	14.37446226000
27143	14.35479308380
27127	10.81649019340
27127	29.07806156320
27079	1.90454022504
27013	10.70490956570
27161	9.37112093912
27023	2.91494181245
27085	42.09975816030
27129	52.17564776710
27143	0.39409736107
27127	0.07054643861
27019	13.93947550170
27085	8.57619255497
27019	3.80843323428
27085	7.50653098908
27019	31.48037577480
27053	15.94371514230
27019	11.26347713280
27053	18.81537454190
27019	6.55543817079
27139	1.25502821084
27053	21.84378856830
27053	12.17097986750
27019	3.05449665287
27053	7.78773241754
27037	2.13203148429
27053	18.57299120440
27003	13.44297104480
27053	5.92059652365
27003	16.77843344180
27053	5.40524439057
27141	3.79847071846
27003	5.64463673377
27141	8.15080274134
27003	10.36501297900
27003	1.01786985907
27053	2.47942144282
27123	6.83790768988
27053	1.04272102213
27123	21.33560752660
27053	1.33003793179
27123	2.93211720374
27053	2.92550268791
27123	18.70798150210
27059	0.61399426707
27003	19.00280137380
27053	26.39276669080
27163	9.70517516226
27123	4.75586080747
27163	21.20733407420
55109	2.08160772721
27123	1.92991527275
27037	3.31766823625
27163	10.74929580790
27123	5.38721547938
27037	0.20865521800
27163	8.63508465709
27123	5.87349424634
27163	13.45527430020
27123	7.96309761885
27163	0.57599740451
55109	6.46654672089
27163	3.60693869065
55109	4.30010431299
27163	4.67176869535
55109	4.93601515629
27163	6.11143249505
27123	3.22855421667
27163	13.77123146230
55109	1.09220659676
27123	2.08576419975
27023	37.24172844310
27011	18.11206258160
27127	3.59848926511
57011	6.38383073907
27023	3.26207065527
27127	20.75415643320
57011	10.69212371470
27011	0.78961398797
27023	44.06821309650
27096	3.97900452375
27067	7.76547012259
27155	9.81981884288
27011	9.12782382434
27155	17.79536097650
57011	0.61599805195
27155	10.77485968590
27149	17.79302936680
27149	13.25635749910
27121	2.11176053803
27023	10.53166799410
57999	13.86208419690
27155	25.86793299560
57999	2.87782663812
27167	16.25035072350
27155	5.22344157834
27167	0.10874966667
27051	14.62810175760
27155	8.39364310291
27149	24.09074685690
27121	16.59439081450
27051	2.72660378676
27041	5.04696833631
27121	22.35821262160
27051	29.75444400720
27155	2.99555955708
27167	1.13493945213
27051	24.18172863430
27155	3.35152809889
27111	16.28325061300
27051	7.78587706883
27041	11.78921919490
27167	27.88339962670
57999	16.30373062360
27167	1.13162744753
57999	11.58586679700
27027	18.56026236710
27167	18.61020883850
27027	41.18989246960
27027	7.62379097815
27041	26.44218370730
27121	7.51698522646
27153	7.02244232181
27041	12.46305053950
27145	14.85310162270
27121	12.43962233390
27145	53.85647695500
27121	17.45617803460
27145	19.17626082300
27096	26.69109079750
27067	3.47208414933
27111	3.72251805771
27167	14.41280452350
27027	1.45076168960
27111	4.78199118249
27167	26.25486272880
27111	19.11723109130
27167	3.74148984005
27119	24.86783548460
27027	20.79263479980
27069	29.66103645950
27119	27.10347506750
27119	25.88192292010
27111	23.61502956040
27041	18.65898390920
27111	26.17033955990
27159	1.40786792704
27111	18.19940512240
27027	28.16120818670
27027	4.20823544743
27005	16.55283474410
27005	7.76905920091
27111	36.33425475750
27005	10.62073511590
27111	9.52350800598
27159	1.50676022313
27111	26.12237333070
27159	4.60596702997
27153	49.60257469260
27145	3.55675452631
27145	14.77615444090
27171	8.24894771701
27093	10.35521074440
27171	23.33708628440
27053	0.61698612626
27171	26.06865377460
27093	26.35758890560
27053	5.83987804753
27067	14.67687987090
27145	31.79845996920
27145	33.30356157700
27141	0.85675735772
27171	27.26579138680
27053	6.55824920005
27009	0.37229045452
27145	0.53307860584
27141	38.59166848020
27009	0.13112169920
27141	36.55167926380
27095	19.96430206330
27009	20.70045625330
27141	13.84777790970
27115	9.50312002786
27095	8.99134578128
27065	29.44636189280
27059	23.10122053800
27025	19.05487623720
55095	16.82044112730
27163	6.54799078955
55095	3.71393244554
27163	6.68123641950
55109	0.32676701180
27115	1.63247374651
55013	2.53297608753
27025	31.82625415970
27115	20.78498626080
27025	3.66050084141
27115	23.61720923290
27115	9.62032201124
27017	4.47093013253
27115	21.71657668860
27017	13.34493371580
55031	15.04977180290
27115	26.71633819820
27017	24.11084690530
27137	2.69389799733
55031	3.86403251369
27137	3.56031091339
55031	1.93805768748
27017	33.22431343440
27017	2.62316234534
55031	4.42701122402
27017	9.70154087558
55031	0.87355271714
27137	0.66085647458
27017	7.66817683666
27137	1.29109269781
27017	20.19381145110
27137	3.76731987954
55031	3.97089817191
27137	18.12013184110
27017	2.48317593010
27137	11.47104888990
27017	1.13385324006
55031	7.00608406277
27137	32.77581123980
27137	6.51252069840
27137	27.39627281300
27137	7.65399205909
27137	3.70687217611
27137	8.28146543836
27075	15.65958827800
27137	4.67494898475
27075	0.56735992180
27137	17.91958853760
27075	45.31527374710
27137	38.82018191040
27137	33.35604761510
27137	26.70000597570
27137	15.96466858920
27017	4.68771729795
27137	17.38889534440
27137	15.14179467460
27137	36.08048349170
27137	16.00123243060
27137	33.46475249910
27061	8.61397412856
27137	31.57593638110
27137	22.42546132900
27061	0.26929465275
27137	4.54845708018
27137	26.77156242570
27137	16.00623107760
27137	20.24515650840
27137	5.73510202027
27137	3.32721864501
27137	7.65777499579
27137	9.01786678011
27137	9.01274513303
27137	15.71859522760
27137	12.82057115050
27137	10.33784620420
27061	15.96095749560
27061	10.42037945900
27021	13.70843979770
27061	4.47237713932
27021	1.36720333894
27061	8.94470090053
27137	7.66099044652
27021	2.48141179717
27061	27.50432977110
27061	11.35813764530
27061	9.46716281223
27137	0.91177734673
27017	7.61159083194
27001	24.92552917930
27115	12.10520484790
27097	22.33054535600
27095	22.34688976390
27097	12.16369153970
27009	21.57082162540
27097	8.62910076941
27145	12.50151482000
27061	13.99736589210
27017	44.87184012010
27001	16.46430010270
27001	30.03274720340
27035	5.47395511856
27001	15.20879176390
27035	12.06508341330
27001	15.57898012550
27035	7.54260602689
27035	34.98519709890
27097	22.08943750800
27097	2.09595595851
27153	14.60776135030
27097	13.62060738470
27145	7.30567366539
27153	17.92855046690
27097	20.97408243620
27159	11.03713496850
27153	2.72324839300
27021	29.53062101860
27035	6.62285272550
27153	9.22414041881
27097	1.81429233868
27061	11.16527301750
27021	67.86474583490
27001	0.34718122069
27021	44.07996828040
27021	65.19341093730
27021	20.45009300250
27061	21.18459137110
27021	22.30278251810
27137	42.69873325190
27061	18.76814240640
27137	20.22096820900
27061	7.33262930744
27061	28.06660263110
27061	42.74136645420
27007	16.51923568940
27021	13.98901862300
27021	25.20620169520
27007	27.53443306090
27021	3.07923406710
27007	3.12099119706
27021	3.16676975561
27007	28.68775373800
27021	16.18760006970
27159	27.12144993700
27119	44.76951035050
27119	30.50390641110
27027	8.62793881381
27069	17.74987482870
27069	22.20649485690
27069	31.35837221320
27069	84.73281644810
27119	2.89225335042
27119	45.70279020880
27119	21.75086341830
27069	47.48029658400
27119	11.56587150960
27069	45.16824663010
27069	29.23483045770
27119	37.71935406810
27119	24.14312949140
27007	9.09519382567
57999	9.55287515409
31999	28.47136020670
31999	38.90856874840
31999	29.29934577620
57999	6.88228413793
31999	6.67758508253
31999	21.82964757550
31999	44.64537332890
31999	26.36020611440
31999	54.44771515010
31999	8.27688394023
31116	7.19182877843
31168	4.48783386669
31116	48.82421741360
31168	7.26599795855
56021	0.32990000000
31116	12.31185695640
31168	13.07550600140
31116	25.19894696130
31168	14.14248772890
56021	1.63592626973
31999	0.50966484085
31116	60.80525286220
31168	29.96417256450
8123	10.68345175270
31168	38.19411486790
8123	0.18933589200
31999	49.84188147840
31168	3.63374523584
31122	23.65381130720
31999	49.22256341500
31999	35.40900713810
31999	46.75983284640
31122	0.04157403036
31084	28.78664351150
31122	18.66785859130
31084	24.40913152330
31075	4.05210092298
31047	17.05649189020
31075	27.05004130270
8123	4.08576192282
31094	50.94448866580
31094	117.18568796500
31094	8.29640945518
31075	61.57177293540
31111	15.03221994610
31075	31.17611433600
31111	11.36691852640
31075	21.88391091550
20999	1.79811440125
31999	27.01574816270
31999	40.48243501870
31999	7.90653767901
31089	28.45483730890
57023	7.61678302443
31999	30.92788318160
57001	4.62868249183
31089	50.95399236690
31107	37.90239154370
31139	5.71889555681
31107	11.49949050550
31027	5.85302343589
31139	27.80652405350
31107	2.33523029485
31027	49.67207240620
31027	2.50550897025
31051	17.68487149250
31043	4.56620128786
31139	28.38069160620
31179	21.95444392590
31119	5.20969372708
31027	4.72658934645
31179	16.18517877580
31051	15.94383893200
31043	7.74190892892
31179	1.93159718886
31027	3.44914542796
31051	14.00852154750
31043	11.89285733010
31207	4.06542369450
31008	15.08734139770
31021	14.40245472280
31043	12.52326637750
31043	3.05366247807
31043	9.19501415484
31043	4.77189870365
31027	8.14147476530
31051	23.97284420240
31043	14.84075734460
31051	2.50204519743
31207	3.64700639482
31008	19.68455685350
31021	16.37208282690
31021	23.78930171630
31177	5.20139407600
31999	26.05744719850
31089	24.93216084670
31999	42.61486024840
31119	2.54718988888
31111	19.84488512210
31111	40.67158746890
31099	2.60490330337
31111	14.95190381550
20147	6.75390848831
31111	5.91799898099
31061	26.23674603530
31099	4.70751573560
31061	20.12980458900
31061	0.03631115531
31181	34.22085546170
31001	1.17147600691
31061	0.04903233627
31181	14.93407381530
31181	8.95067095127
31129	11.08366496160
31181	9.98515002244
31129	1.39810434875
31129	32.61485763430
20089	0.86357779036
31129	1.19625127795
20089	8.13991163346
20089	0.19073659848
20157	6.28523698231
31129	25.98745192010
31129	6.59560461378
31095	2.88462699322
20157	3.02723581145
31035	14.51667008630
31129	18.34512506280
31035	5.79964479257
31129	16.22632928270
31095	2.23297402461
31129	9.06040270771
31095	20.31330868120
31059	21.01314129510
31095	22.39271651370
31059	0.16353115911
31095	2.22863524382
31035	8.23488448829
31059	5.84035300855
31035	10.17274148930
31001	9.16154206379
31181	0.35509731061
31001	17.63769522430
31035	15.37506382530
31035	4.41346003379
31001	20.57490631560
31035	5.51122829922
31129	4.36304274962
31001	5.03874751501
31111	10.36463629580
31099	27.12232884690
31001	16.71177447180
31099	27.61753067790
31001	14.40076416050
31019	12.76463841690
31001	4.54620794635
31099	8.84153069471
31079	5.35329360301
31001	20.22780021930
31079	24.18823117320
31019	21.20560316550
31047	19.32277283490
31019	5.91434216968
31047	29.08759853030
31019	9.88554210305
31047	25.70748481240
31079	24.78735322940
31019	20.43852431920
31999	8.00720892725
31047	1.76759647544
31019	17.17248091360
31121	4.27909331932
31079	39.48786279530
31019	2.31677267120
31001	13.31849281280
31081	18.75881053600
31001	8.13174318647
31035	3.27223968943
31121	2.79043246477
31079	1.91051698239
31081	13.38743325660
31081	9.59652995020
31185	20.80216662120
31185	10.23910500590
31081	9.81234726987
31185	7.97681436665
31035	7.25497903216
31001	11.41590708370
31035	24.78842386700
31035	33.75853015900
31185	13.26654395490
31035	2.06647611412
31059	24.31906674220
31095	31.57615070600
31151	5.75746217214
31095	27.50654632170
31095	17.81800542930
20157	2.91225778356
31095	5.49986338303
20157	10.30768674700
20201	1.04166352533
31095	8.85316686730
31095	18.75576506780
31095	8.55769768735
20201	1.38607036257
31095	11.22492770350
31095	5.14991884459
31067	13.60382476820
31095	11.28253964450
20201	1.21522317292
31095	13.61950216870
31151	5.72937294008
31067	13.56536482050
31095	11.48924917740
31067	9.93014503555
31095	4.01617283690
31067	14.44855785250
31067	13.74205450360
20117	0.58354888399
31067	8.70023632776
31109	10.63741250960
31067	18.98041650090
31067	17.02131396050
31097	1.49278251932
31067	7.15377955857
31067	10.38051360750
31067	12.19333443500
31133	13.79184458340
31067	3.13555228767
31097	2.76652632895
31133	31.51500017310
31133	13.80814975650
31147	3.04943749080
31133	9.27154512755
31133	8.86049832856
31147	29.62092575960
31133	1.72882006583
31147	11.33985959980
31147	3.40217980859
31147	12.30166726420
31127	10.73846306020
31147	8.81649684785
31127	9.01661224637
31147	11.29568697260
31097	9.82820421276
31133	6.74994837072
31127	14.98095717910
31097	6.33627914406
31097	13.25345834160
31131	23.26179562290
31127	21.39877967070
31131	11.20830332500
31127	10.07148142620
31109	0.60584909012
31067	7.68291973154
31097	18.10027538480
31109	14.91171270670
31131	29.03632265440
31109	12.38240830510
31109	12.01504879020
31109	7.99661214291
31109	15.35359235810
31109	1.80981570885
31131	35.49422677670
31025	18.22431664930
31131	8.69497999916
31109	40.27929518650
31151	5.76397702181
31109	5.04202436382
31151	4.58343852053
31109	7.04046737611
31151	19.18049391590
31067	7.20573500735
31025	28.45373478160
31109	13.55549742320
31131	10.32348705040
31025	13.72951110900
31153	16.09546031050
31025	13.66085304520
31155	3.80585602719
31025	5.57627136932
31109	17.25887849120
31153	9.34328786618
31025	17.94878739350
31109	9.46895709918
31153	5.74371364754
31155	1.50398494673
31055	8.75579872824
31153	20.24165143380
31155	3.91390786828
31109	18.15908915680
31159	4.13527522784
31109	14.09826440880
31159	1.75967598154
31109	11.42035705670
31059	17.53034856920
31059	16.91087879000
31059	11.67515586890
31151	4.95684420978
31059	10.37357329240
31151	1.68763864616
31059	4.62940778610
31151	22.07449847380
31151	24.19333190180
31185	0.94836113472
31159	37.10282880110
31059	5.10955966498
31155	12.49818819530
31109	17.44071967370
31155	18.93353982750
31153	1.33121199664
31155	2.92283327270
31053	13.67267653910
31155	15.79792422110
31037	8.77278752095
31053	17.87972288240
31053	7.19407459003
31023	2.68151641340
31155	8.73344212582
31037	3.05201030910
31023	6.31076622104
31023	4.84894956458
31141	6.86955543885
31023	25.70564255140
31023	19.71844876400
31143	1.65972103680
31185	14.13747380570
31023	14.11209301000
31143	21.46782697740
31185	24.76304429230
31159	14.86107622700
31185	2.97871202919
31023	16.97598629490
31159	11.57929200060
31023	19.22077006940
31159	19.27637652640
31023	8.84109364370
31155	4.03929033990
31023	18.40919288730
31155	19.60844922610
31155	17.90001750600
31155	16.33008320530
31055	15.70499262430
31053	11.42606123900
31177	3.95371120847
31055	5.86785150244
31055	6.08011069801
31177	14.45024981980
31053	24.98876638450
31021	5.84934455377
31053	20.17000332100
31177	2.55886268725
31119	3.32159818160
31167	22.32130195950
31039	31.09980652150
31053	2.86510967678
31119	23.95560268270
31141	34.41043690610
31037	11.41463126280
31039	2.39444839821
31141	13.67560520450
31037	18.76442573510
31053	11.58410641700
31121	7.27448371832
31143	14.40306775300
31081	21.43431404250
31121	20.69252673910
31079	2.91879642010
31121	22.99416690760
31079	5.14289827059
31999	25.46966186150
31079	18.43347341290
31019	5.88393229202
31999	21.20067421500
31079	19.07978558860
31999	32.64756872450
31121	7.57167605329
31079	6.87369297518
31999	22.78332055830
31999	18.76866556320
31047	26.21554598570
31999	31.13392467950
31047	3.41578325977
31999	18.47859188960
31047	15.69440643520
31999	38.78791438470
31999	6.84004926883
31119	22.64215397820
31119	1.95148936456
31141	16.45617334660
31999	12.16682783210
31141	2.46901750703
31209	7.55856188918
31141	10.26171477530
31209	1.27689320227
31999	5.75887968184
31209	26.63318282370
31141	15.25782080310
31121	26.58402654990
20999	4.81552615298
20021	16.66824525840
40999	0.12924693420
29145	0.60641068592
29097	1.30070827244
20021	20.08735427700
40999	4.22153277424
29145	0.40223158752
29097	0.44319803700
20021	13.67663791220
20133	17.83426355920
20037	0.68817208604
20099	17.94979607250
20021	16.00732459150
20099	17.09139333110
20021	19.62633459970
20021	4.46492995354
20099	0.23620080440
40999	12.89564487240
20099	15.17191068530
20021	5.44036751884
20021	9.38897809828
20099	23.26501814750
40999	13.83518175060
40999	3.83362913438
20125	7.89401875378
40999	23.15186343600
20125	41.81537885260
40999	0.91096239220
20125	7.34128383013
20099	29.83551458030
40999	1.04915009412
20133	18.92383109260
20125	12.81047468620
20099	14.92599802820
20205	3.30693836988
20125	25.51664850290
20082	8.78763316570
20125	17.46996475070
40999	1.31675970853
20205	9.86288862470
20125	20.54260480230
20205	12.61589081100
20082	47.36305539370
40999	7.88250151074
20082	6.12479646307
20073	4.77571227986
20205	16.26136613280
20082	33.89925983550
20125	6.24904330499
20073	9.36907148850
20082	30.91075950600
20082	14.62428625770
20035	22.83922003450
20073	16.84435111090
20015	18.80163100330
20035	32.64237633690
20082	4.47833411549
20035	34.40899515320
20035	23.15944287450
40999	9.49206979346
20035	18.90132968890
20015	31.31076130490
20035	16.19124350090
20015	9.43681115738
20173	7.99457027002
20015	14.80782832350
20191	6.66465898678
20035	15.16123139240
20035	18.40103559210
40999	8.42969931573
20035	3.13180000000
40999	10.51580000000
20191	17.76914970990
20035	8.26231591794
40999	27.63469866310
20999	58.19555241600
20999	100.16498326600
20135	10.36709933250
20999	44.58000321660
20135	24.04851392890
20165	27.42703341090
20165	4.68859944709
20009	43.51357492270
20135	6.21474395691
20165	31.43435273380
20135	25.79500564350
20999	43.73649353740
20199	64.91249789170
20199	1.59003275752
20999	21.32701984340
20199	15.16801978430
20063	26.00436720740
20195	9.09479326412
20195	24.90179945790
20051	33.41727784380
20167	9.17291110002
20053	8.04187394778
20009	17.75085053860
20159	15.19248149230
20167	23.44713134690
20053	29.92356219240
20065	9.33696586626
20999	101.27413667800
20163	3.16266855994
20141	5.69339802276
20143	1.52369887117
20105	32.57026659210
20167	28.57971580110
20999	66.13249469310
20147	32.04825060000
20183	31.76812671270
20089	5.57217025045
20089	18.32415818190
20137	20.09842503530
20147	10.98300382950
20147	21.94005543220
20183	21.34753031070
20141	6.28791563918
20089	0.25200367061
20029	3.86955876813
20141	3.18310000000
20123	35.00425645640
20089	24.61739345880
20157	6.66422638391
20157	18.56208496710
20157	33.21672121540
20029	20.07845673930
20157	11.10083555180
20157	21.22815488590
20029	40.12408214760
20027	18.47573710610
20201	22.23069352260
20029	9.19528363572
20027	4.15985028669
20029	14.04856709520
20157	6.54784670942
20201	24.88855686300
20157	11.12210063130
20201	5.30577189115
20029	7.21734625762
20027	16.58863970720
20201	23.53781860960
20201	8.41823305510
20201	4.47939377260
20117	23.11037410750
20117	46.58211839110
20201	10.58827958950
20117	13.48341972590
40999	20.26296253330
20999	3.01978786838
20057	38.37213212660
20999	61.27132840290
20057	20.96934521050
20999	47.25788155340
20083	16.31942493180
20145	10.30535643050
20057	12.08189100380
20007	8.36094067674
20007	0.68391593051
40999	17.06925377430
20007	0.70963027698
40999	4.26394874266
20007	0.65339994643
40999	9.65171671000
20077	30.54205506440
20007	33.68093246660
20077	40.46477023170
20007	2.72212717190
40999	11.56205304230
20077	11.75858585570
40999	12.69099963690
20077	9.14083574799
40999	21.37379458640
20077	22.53995290040
20077	26.44512081900
20191	14.94872580140
40999	7.51504329624
20077	43.50362256970
20191	3.41140263435
20191	39.72409995890
20191	11.34525546980
20191	47.60027021220
20035	18.10665229890
20173	0.03680570608
20191	23.52064060390
20173	8.78173536674
20191	56.47299808600
20173	16.82339201810
20173	49.13515451540
20173	16.96449564460
20155	3.33588561105
20173	26.40263866670
20077	12.96585595520
20173	11.26720974120
20077	17.96091703690
20191	6.23597344833
20155	37.82932747960
20173	18.28119689300
20077	4.47307471227
20191	9.50380712826
20155	14.18276635390
20077	1.38300000000
20151	21.77398729620
20077	21.74518782730
20159	14.76384709380
20155	44.81393215530
20009	6.17052768327
20159	21.77468445700
20155	13.48284251320
20009	4.87279868043
20159	15.75592430240
20113	1.43495038242
20159	19.78000137220
20155	14.67598649430
20155	8.20861868835
20173	19.78727176880
20155	14.74017752920
20155	0.97822991674
20173	18.73309771060
20155	21.89216719340
20151	15.29701212200
20155	20.04167985560
20151	29.64112871460
20155	7.61065599894
20151	7.44207442755
20155	32.93044216090
20185	20.83572764040
20155	35.01486875550
20057	4.51604471191
20097	31.53819178610
20151	15.30924832700
20097	12.27772506980
20151	10.75020869190
20025	28.54491609940
20033	27.39344204430
20097	3.44959492115
20151	7.75949584523
20007	18.87819605250
20173	10.57747413480
20015	11.65025134300
20173	29.34960816560
20173	28.81663501900
20173	30.49219278380
20015	1.44053551331
20173	10.82617507420
20015	28.02604884650
20015	19.95752435630
20073	13.47509213830
20015	20.15769967950
20073	16.58551604190
20073	59.65333091720
20073	4.63444672534
20037	24.48357850400
20021	1.44817530016
20133	24.01823063090
20205	22.37856111750
20099	5.97844078753
20205	18.00838264870
20205	13.90801797460
20073	3.62185712860
20207	0.90630440802
20205	13.61952386120
20073	1.74274278079
20207	23.24267488330
20205	6.75866024201
20037	26.34478387810
29011	5.01449954361
20037	3.08959802078
20037	10.04775402760
20037	4.46465526217
29097	1.56720416666
20021	5.44289416554
20037	7.74593239823
20037	8.95940784340
20021	7.99842590277
20021	4.01759460374
20037	14.58518105970
20037	4.05498528974
20011	11.16460033210
20037	12.97922068540
20011	4.17530658156
20011	8.12416572240
20011	29.94134925580
20037	10.30363340920
29217	1.67483600690
20011	7.51266807671
29217	1.90265354177
20011	6.39712706199
20011	11.86204171330
20011	9.45543834887
20011	11.90082427570
20001	19.55966814040
20133	25.40902518360
20037	0.55863222249
20011	7.66874678450
20037	14.90159287730
20011	5.26335060339
20037	4.43069366691
29013	1.03146887980
20107	10.30096225980
20011	3.91639837095
20107	31.28793241050
20011	10.63945750100
29013	0.58850217502
20107	7.67017835597
20121	30.63750674550
20107	19.84553205440
20121	12.03504451980
20107	19.32205238960
20003	20.71663943470
20003	15.93001987910
20003	1.96912914000
20001	10.17268026080
20003	28.58151523790
20003	1.49423101962
20001	33.59065706670
20001	3.82676889556
20091	9.81549356294
29037	0.10941265923
20121	18.93684282220
20209	8.21115245315
20091	29.18923078570
20209	3.34506632051
20091	28.64277266130
20121	14.75917008900
20091	14.54724045340
20121	1.18764000017
20059	26.79469384910
20103	1.36899108105
20209	0.66561406988
20045	28.44408759980
20091	13.56130233730
20059	2.08842088909
20103	7.15590116853
20209	0.38779997421
20045	9.27156778048
20091	7.28121078128
20103	15.68338906630
20103	1.96715895138
20209	14.99205826760
20103	5.99086229603
20209	2.40675804559
20103	2.48137160659
20209	10.92273967570
20103	24.31449664780
20103	7.68482149402
20045	4.20764509910
20103	9.05708848410
20087	37.58656900740
20103	20.92555656730
20087	3.10271813899
20103	6.31373189228
20103	3.45562338804
20005	11.28767422680
20103	9.80917425153
20103	14.80778962180
20103	4.24281806098
20005	10.34473461520
20103	7.90211415503
20087	11.91297662540
20087	33.46034792380
20177	1.54731260134
20005	2.39670631075
20085	23.28434990930
20087	9.13421545137
20087	5.06630032469
20177	18.82671611160
20045	17.84076223920
20085	16.61681908840
20177	17.84038046800
20177	10.46959376940
20045	14.88128713220
20177	14.95579094520
20139	24.54556380500
20139	2.37592240824
20059	11.43309585430
20139	2.47615856116
20059	11.17756058240
20177	11.91750542720
20139	41.40645201610
20177	14.33844117560
20197	6.98714037500
20139	26.16594571320
20121	5.75308077554
20059	34.52282063900
20031	13.67189347010
20121	11.99998330150
20059	15.12657613110
20003	22.28913159960
20031	36.75505338950
20003	7.47517129971
20031	8.34455884938
20003	16.00410344770
20031	13.14074428190
20003	16.09343121740
20207	38.09913075480
20207	2.06053664127
20031	3.46419474048
20207	6.08655363253
20003	2.85520516951
20207	3.89992015944
20001	5.68584424599
20207	5.59139082427
20001	14.29404499450
20133	7.00834112825
20001	12.90637077760
20133	6.71557202677
20133	26.14017625100
20099	5.30247721300
20031	23.63261096330
20031	2.42733700380
20073	17.67244379340
20139	11.97938343450
20111	31.55983670860
20073	3.59796109067
20111	15.90776223590
20031	13.33712179130
20127	12.11877989530
20111	13.60952796940
20139	19.61632973480
20111	14.26447753690
20031	8.24966678663
20111	9.36439010798
20017	16.83188398230
20139	4.11483518038
20139	5.23454445394
20127	8.62229582010
20111	22.87684517460
20173	12.47572109230
20015	16.79694468840
20115	16.23793207530
20015	28.87805409920
20115	25.67220550490
20015	1.14781424020
20017	8.22634298697
20127	12.11310590300
20115	19.28894728150
20017	15.87980735520
20115	5.37878919695
20017	20.74367421240
20197	37.64295284390
20139	5.22188955508
20197	11.03589134790
20161	9.60954897103
20149	0.94505209380
20197	30.15906010820
20061	3.26369017515
20085	4.70280445462
20149	38.10347137850
20177	21.36727525190
20161	32.04726933440
20149	17.61684708370
20061	6.84224997772
20197	14.05194728230
20061	13.59195901640
20127	20.69769646930
20127	19.42837411400
20117	11.58036978780
20131	23.88800942700
20085	13.25818919930
20005	30.40402446200
20085	14.75486531840
20005	3.10978797509
20005	24.03882090240
20085	7.01754376426
20131	10.40443713730
20085	8.41854303092
20117	11.81186426920
20085	16.88004649200
20149	18.32009857420
20117	23.18316208710
31133	0.49348727441
20117	13.82582799210
31147	0.00593043000
20117	2.80956221679
20131	38.38700890770
20131	15.14798715380
31147	0.29160538404
20013	28.16901410370
20131	2.59226902925
20013	17.76839959500
20131	3.56937428690
20085	2.15802801882
20043	8.61136502892
20013	14.99564726750
31147	1.44252989570
20043	29.96246435550
20013	2.13634626875
20043	12.21745841540
20013	3.37961363348
20005	1.55912994327
20043	7.20613273134
20005	8.98356345271
20043	11.14910658020
29021	10.36427861280
20005	1.68718438234
20043	9.87807961489
29021	1.17382130241
20043	10.15716268600
29021	1.16726631494
20161	4.84548057472
20149	21.28587698580
20177	16.54874272310
20197	7.16653841105
20159	12.32990086760
20053	8.91991731464
20159	14.61859812810
20159	5.83900163812
20113	34.69656425800
20155	2.31686002383
20173	57.81917779240
20169	3.21099181899
20053	2.28482705035
20113	34.93408668170
20169	21.32177811460
20113	4.11828393630
20169	41.37568788920
20053	20.17593024630
20159	0.67462526635
20159	25.21770795470
20053	4.38450000000
20159	7.71243871493
20143	8.60612150565
20169	30.64289310630
20053	12.75574250490
20061	6.42082148635
20041	25.33213759030
20169	14.33514693750
20029	2.17483379825
20027	9.08947089621
20143	5.16038021177
20041	17.76945512270
20029	8.16600210568
20123	11.19536173650
20143	35.10442911430
20041	2.21133065144
20143	11.67007106070
20105	7.33239413099
20041	18.00599250790
20169	13.90855421510
20041	34.09010933590
20169	4.43745865220
20113	42.73616012640
20159	4.36439574397
20041	16.33822191540
20113	4.46533310830
20115	23.72076158810
20041	11.81869888420
20115	7.03405398338
20113	2.87917363839
20115	21.12559978570
20041	2.13929308418
20127	12.13876581910
20041	20.76884091380
20143	19.35125906370
20169	6.47118928946
20117	2.92167694655
20027	6.46284253991
20161	30.00529556730
20083	20.48406856430
20145	50.56859243970
20009	14.17353597680
20145	32.69587223870
20185	60.26599825610
20009	11.10211167580
20027	6.74167703543
20161	22.14542939230
48215	33.03197263640
48215	8.95698172042
48061	47.26160890300
48355	40.34225041730
48061	84.85246419680
48479	8.25296483948
48511	39.73188751660
48131	23.68171727900
48131	32.29849481920
48355	49.69278857930
48215	5.39570748373
48409	7.30927019533
48355	41.40739239170
48479	38.19195594390
48479	12.50276917370
48511	22.93022411580
48479	9.91983576614
48127	27.37083904390
48283	18.18504867810
48511	1.40822800001
48325	12.64557540720
48163	34.86564339790
48283	36.52110849460
48463	1.73735635953
48507	31.81129368100
48127	15.65910913030
48029	20.24342424210
48013	39.25192017230
48283	10.40830401690
48311	36.35762515930
48131	3.79620774590
48029	6.08609916860
48013	35.56173679190
48029	10.92901272300
48325	37.86395793300
48463	26.36548868090
48013	3.58963183210
48029	18.47889396150
48029	18.58990316600
48265	19.75457725870
48259	23.36205815120
48029	26.14656494890
48029	19.25440279140
48493	24.78667232200
48255	20.42051544900
48409	27.95302585030
48355	6.51980478389
48025	10.10100681970
48409	30.33420947560
48355	23.61526210270
48123	28.29442273890
48255	23.13653704270
48025	33.65465684890
48123	13.67405213390
48469	30.25952926380
48175	30.35164140120
48025	14.67903967130
48469	14.93504126770
48057	23.64328481920
48391	37.89178153520
48409	7.91750841174
48469	11.90568141030
48057	7.49853961788
48481	29.53447369430
48239	25.74615685840
48469	25.95336716320
48239	26.42381400070
48321	14.40267747150
48469	8.22938714668
48321	37.05280345910
48321	27.25917446390
48321	9.07277157433
48481	33.07645550880
48321	36.67526790200
48321	3.35946431742
48321	8.87787317154
48321	14.52886120420
48039	29.34519305870
48321	9.42452227056
48089	7.85409878362
48481	27.04287886920
48481	9.10474154697
48201	14.02706159290
48157	38.12811519490
48481	8.06740946339
48039	13.72571850350
48201	9.27538804132
48157	15.89246989110
48201	11.89058466200
48201	20.60009713640
48157	42.60695910770
48039	12.86296998470
48039	34.41482918700
48039	32.22800052930
48167	1.17897736631
48167	12.27909840750
48167	0.23320302314
48167	15.16588582080
48201	36.73274363160
48039	12.97190108620
48167	19.60874521290
48201	7.96695010465
48201	9.83878086804
48071	0.55226465576
48167	7.20195627937
48201	16.05536654760
48339	15.32929077840
48201	24.14897214140
48291	18.33347700890
48201	26.02593753780
48291	10.08023728290
48201	28.94017375100
48339	35.64997207210
48291	9.24770379699
48201	21.77204661020
48339	7.20830239286
48291	8.84073936233
48339	12.11715836760
48339	4.28386699675
48201	47.71793543030
48185	25.80729738860
48015	12.30320325820
48201	43.52349661180
48477	25.59120747240
48015	46.83034505840
48201	30.05527278070
48199	18.28004867910
48291	47.98923914630
48245	9.17077086906
48245	42.61226843750
48071	23.13682149360
48167	2.99631861399
48245	35.87307257070
48245	20.41818006210
48361	29.06415467860
48245	4.96504477523
22019	5.69466983503
48361	3.39853415754
48351	4.26397142789
48361	24.64348099420
48245	3.83853242399
48351	8.22904635848
22019	8.47926723308
48199	10.81846625140
48245	9.11674517468
48199	15.83932163560
48199	14.61614812940
48245	5.26567809973
48199	27.51966278230
48351	7.53602422568
48241	22.08680403140
48199	4.04441264462
48351	22.56458656080
48241	7.46901253246
22019	3.96010041287
48351	11.05601578730
48351	5.99330719553
48241	14.68866064600
48241	53.52047314880
48457	2.33611955602
48199	20.02332764890
48291	24.58101636670
48199	18.14347431260
48457	15.50569349550
48199	13.29425205070
48457	20.77215018670
48457	11.75198897070
48455	16.30845909360
48457	18.78768173510
48373	25.18677617180
48373	8.60552957406
48291	14.20007358040
48373	6.25543147113
48339	2.49352355513
48291	11.02125098620
48471	18.38765136170
48339	17.23563560460
48471	12.98695175950
48225	4.40499554710
48455	16.65549702920
48471	7.45314729920
48005	0.53158789490
48455	37.27771375290
48455	17.29435305500
22017	6.32857141304
48365	4.73976370488
22031	12.10412370890
48419	40.87071773700
48405	29.56117367330
48403	6.78146903849
48241	1.94553264943
48005	9.92054669230
48455	8.96091313762
48005	29.89816183380
48005	26.93755214210
48455	11.94023025440
48225	13.36996002970
48455	3.05254674657
48073	11.43453913130
48001	34.92987951250
48225	32.51105459560
48073	30.83510439630
48347	13.60221797390
48005	24.68222779040
48347	16.08798811470
48347	8.68422591657
48005	14.79138324050
48005	9.30418607347
48005	12.78163955360
48005	6.97102934437
48005	19.04048000160
48241	2.24690250790
48457	1.96745390797
48405	15.73373145940
48005	16.03902826720
48419	1.98569673415
48347	24.12333961180
48401	7.89362365576
48347	17.91222012830
48365	0.91039175437
48419	24.18378586370
48419	15.62592260200
48347	1.31416334221
48405	0.20142939210
48401	4.53001895360
48365	5.47966557467
48419	6.09576698538
48365	13.69205014600
48423	5.46492494217
48401	49.86170963620
48365	15.71731024170
48423	52.91742971550
48459	3.66205361102
48203	33.47572647520
48423	10.31498473820
48401	13.91162440980
48365	4.28910318482
22017	8.23745724915
48203	38.93025763930
48315	1.61668307439
48203	28.97385614300
48067	10.33193946540
48315	13.67703057150
48067	25.97822165140
48067	19.35513996190
22017	3.69291103738
48037	10.78443091900
48067	18.30367777380
5081	5.57980931036
48037	15.74076373750
48387	24.36014795840
48037	39.73326505840
48037	14.02988780950
48067	11.67621072640
48037	19.12926129490
48449	26.98895422760
48067	4.39478369660
48449	2.36292871877
48459	41.23679167650
48423	2.18922147349
48449	12.17519942510
48067	3.13302657131
48459	49.37424976560
48499	26.16592988210
48315	18.89361204950
48203	21.34640857620
48387	13.74488437770
48277	25.80191518300
40999	4.77605982171
48277	36.28330590540
48277	29.31042798580
48223	15.90345422800
48231	4.75701846611
48277	20.76724752420
48147	19.93749597760
48231	7.92592762301
48277	13.04704296800
48231	49.01106721350
40999	1.37595604944
48181	34.88927905590
48147	6.27063605386
48231	6.94631992137
48085	1.85127761559
48181	34.20505903710
48147	15.21937123170
48231	4.88825613588
48181	28.48628650660
48223	36.06144626460
48231	5.71194397732
48449	16.89125712740
48223	30.56154791320
48231	37.46622169890
48499	5.34334378550
48257	10.96215274970
48231	23.82260156940
48499	20.51364632160
48467	17.50409952800
48423	10.44469902590
48499	3.89313559230
48423	22.85680411440
48423	25.26376699380
48423	16.70799706630
48073	32.66504549100
48423	8.89661186351
48213	41.66845422820
48073	7.81829283620
48001	17.28442940240
48231	6.56804203702
48181	6.38923255877
48147	29.20957726160
48181	55.40680095890
48097	10.98203704960
48121	61.58954005910
48085	10.03046449270
48113	10.27676673780
40999	2.03280000000
48097	45.25797259580
48181	15.27267163270
48085	18.33061348970
48085	14.84829423760
48113	33.78234411730
48113	7.44656048992
48231	27.15758436750
48085	21.69994777100
48113	18.54449065030
48257	14.07635337150
48113	18.81170519570
48257	26.68385324050
48467	21.01193560990
48467	8.02533604343
48113	22.01273796850
48257	22.72594080170
48257	18.60554827240
48213	25.84244914280
48073	29.28073082410
48073	12.90248198780
48347	18.29616585110
48073	8.36442632641
48001	28.43259842030
48289	37.04170678970
48213	16.22400788990
48349	44.54906739540
48161	33.07964513710
48289	12.32809480980
48161	7.77723628611
48293	23.29822828990
48289	10.07582353980
48349	45.68330836720
48217	6.96021512472
48161	7.44399235749
48293	25.48062338290
48349	23.51749505520
48217	25.34399227440
48055	3.54369311305
48177	61.90755873200
48029	19.21879551970
48285	12.29294861410
48493	33.35493334190
48123	31.91666510880
48177	4.31908000042
48209	16.43450859560
48055	30.45187111890
48091	22.49565795690
48187	39.41605621520
48029	21.63695884600
48029	14.11757527620
48209	42.15080875410
48091	22.27722491920
48187	1.41163472741
48029	17.05375207120
48453	32.83594335090
48209	5.07496244975
48453	25.36360188670
48453	9.01249224724
48453	9.71425645087
48453	12.81955319600
48021	3.14007258692
48053	16.77252049390
48491	34.02446035070
48453	14.91075770250
48491	19.81667169930
48491	28.34848901960
48453	1.84572071831
48021	46.02316063550
48055	12.16640959070
48021	9.16356484516
48015	55.28487812520
48149	33.57645103640
48089	23.50058459390
48157	3.39426262844
48481	1.16613191792
48149	36.50166324130
48089	33.63918591010
48089	5.13321804427
48089	25.63237774400
48285	32.40284071280
48149	11.52068794570
48177	17.91633769860
48285	15.89536829670
48089	5.67106881372
48157	21.30734279020
48481	11.55443404650
48331	4.18185117502
48051	31.55708520780
48477	12.03945391830
48021	6.15787711129
48477	34.19283941210
48149	15.40408820390
48113	50.23988055990
48139	19.52248645770
48113	2.68729872549
48139	13.46102715780
48113	7.21103324913
48139	26.42167973360
48139	9.62747127745
48139	7.14938329822
48349	10.17887097160
48139	18.20956830950
48349	10.81353216590
48097	13.93145443300
48121	32.67494540160
48439	34.67832878430
48251	38.78973794850
48367	1.69052017143
48439	17.83530919720
48221	5.79309732419
48251	23.69343377050
48439	7.59012163228
48121	15.48911084130
48439	12.71939704930
48439	19.32391061060
48113	39.03720449280
48085	2.28631985951
48113	12.48237479310
48231	5.87555691488
48085	22.86231098280
48231	6.51365487649
48085	22.48223345370
48139	22.11850586900
48217	1.11628764214
48439	40.11735717140
48113	12.79236777340
48251	13.41201349570
48139	23.12288106090
48497	27.65707655820
48439	16.63756125150
48497	32.40501917750
48439	21.50856785640
48237	31.54796459910
48497	7.26080342800
48503	9.49283098027
48363	19.56427795860
48367	34.68664243710
48439	12.63702009300
48367	17.23054741570
48221	4.75699521779
48363	33.07391471150
48367	14.75407913090
48429	1.66795459625
48133	14.18930468090
48439	14.55354098840
48251	5.96763608810
48439	15.98435818070
48251	10.23421912380
48337	15.91409358590
48497	19.21413906380
40999	11.26379301400
48077	21.59021493760
48337	35.37327922670
48097	15.29194041900
48077	46.84811977210
48337	13.57199777300
48009	13.82983238080
48237	14.23760800310
48503	27.97733082100
48503	17.40400706510
48485	7.14684932568
48077	37.99610671430
48009	24.52648133600
48485	1.87719131683
48009	22.37618704190
48485	6.78602452840
48077	16.77050416540
40999	14.91311568820
48485	23.73352775130
48485	4.91965022436
48023	41.72386770840
48009	27.40201200940
48503	8.28327764233
40999	8.65679535914
48197	23.01962529430
48487	35.90713012860
48485	27.63211695000
48133	19.07472948980
48133	25.34800667000
48143	2.89839406569
48093	23.30050199860
48143	3.00078986935
48093	28.88019695390
48049	19.15026419190
48083	14.43904073740
48049	12.13148798770
48049	20.12973361180
48095	1.99151253361
48307	43.60652936350
48327	14.95949338640
48049	37.06245747220
48281	38.33591411400
48099	10.93923912040
48281	18.83428468520
48027	32.30604149660
48053	19.08293118100
48027	5.25886782112
48053	15.57644921540
48053	5.83775787169
48299	23.42339179160
48221	24.30895383560
48143	31.94467399120
48143	15.15796400800
48251	34.05152211990
48143	11.15788538480
48217	43.55681958330
48035	32.75057455280
48193	4.19252180134
48139	3.99665999680
48217	15.80144810170
48217	16.43541151270
48217	45.59519293680
48035	17.21451355690
48309	43.95630452440
48217	19.25644659030
48309	38.66104358470
48293	2.42282363576
48309	35.26537251150
48145	34.89874165930
48309	9.95393223053
48145	27.57349256030
48027	13.00763888550
48331	35.46189727070
48309	19.13406600480
48145	2.09229630072
48027	15.66141595090
48035	29.01489678290
48309	34.48725002180
48143	9.36573034258
48093	27.54134794320
48193	25.51474754790
48193	13.37193073720
48309	5.82727257300
48099	35.53243977150
48099	20.25345015390
48027	19.38814460460
48309	10.61272637770
48027	18.28445973000
48027	19.05331993320
48491	24.11052184550
48491	15.65084183810
48491	16.15254891040
48331	33.12508013830
48491	9.86506265211
48331	28.94550580000
48051	18.17304259800
48477	7.52558622367
48021	22.12437008840
48477	9.16854760241
48145	25.33193929500
48395	37.05468572420
48331	12.44378453550
48289	0.37940238534
48395	42.71284508740
48395	17.12722593810
48395	14.48048820430
48041	27.95735599220
48041	19.54337979410
48185	5.82908532876
48041	9.83674411603
48185	5.22416772032
48051	11.29492078100
48289	21.18368404410
48313	14.96323757410
48185	29.41287692700
48041	16.76201598010
48185	6.76944797749
48289	16.98279367190
48313	16.09811059350
48185	34.87721998990
48289	16.75509768040
48313	7.77811372773
48185	12.86655765830
48185	30.11730293820
48339	38.43991894860
48185	11.94490097450
48339	10.33894706960
48293	32.12006493470
48145	2.58849114737
48395	3.38566318024
48339	22.16828414650
48257	13.39803438540
48139	11.34774881350
48030	17.79178939080
48377	15.75887716750
48271	59.27572010610
48271	11.23077334870
48323	23.39519971030
48377	42.78859054530
48377	91.07758704260
48030	65.62961972870
48377	115.85703758600
48377	34.31419112410
48141	52.34020222480
48377	0.22791079395
48141	59.25015083300
35013	19.12357284860
48141	19.23483597750
35013	13.09582832700
48141	16.92017076760
48141	126.51880486100
48377	24.06156999240
35013	25.97461227810
48141	53.32486112330
48377	2.61665130463
48504	33.43963870490
48030	41.60220554200
48030	63.99887683080
48030	59.27411293040
48141	3.49915100846
48504	115.72109490400
40999	14.37543067780
48504	91.18691890250
48504	17.94647754100
48504	18.09100000000
48504	17.18844536670
48504	52.59384340020
48504	50.76829858160
48504	42.16616237250
35047	17.82581539500
40999	24.08493207880
48504	54.44101855570
35007	11.21579645770
48504	38.74314158700
40999	12.51829399900
48504	100.02081512500
57019	0.46595254050
57017	0.09065037231
19119	17.65152081860
19119	6.81823788094
27133	8.32204689174
19119	5.56328659071
19119	9.95579165223
19119	12.29068086750
19167	1.72738174414
57017	1.44221797590
19119	9.55494405929
19167	1.06990513598
57017	1.50270263525
19167	10.46699733440
57017	15.57634116980
19167	2.25092666473
57025	2.27204782306
19167	8.53596070190
57025	5.82544949793
19149	15.85180447980
19167	15.33952372540
19167	16.75928324300
19141	0.30733398771
19167	23.00926000530
19119	16.67667750450
19141	0.40031438895
19167	7.76283511719
19143	7.01443485997
19119	9.79718828105
19143	9.68884921915
19141	6.99965788160
19141	22.16909525550
19167	3.45972327362
19149	15.63289584460
19149	12.43941764520
19193	6.31480047975
19047	8.01401977713
19133	2.17197101165
19047	16.83813226260
19161	5.22943846963
19047	4.74813139532
19027	2.78411823166
19047	3.90701064676
19165	26.36001988870
19165	11.56408804700
19047	2.19164246200
19165	7.58741812554
19047	4.17949278478
19047	1.80693782959
19027	2.27036196176
19047	7.72566048317
19027	19.28099619710
19047	2.35030022256
19165	17.36473157690
19027	15.98988900220
19187	12.38431045730
19187	15.29605058530
19025	10.20832410150
19187	5.50166760528
19187	2.47409731695
19187	12.40186251280
19187	11.80479160510
19187	7.26138266925
19079	6.72187163309
19179	8.11033976885
19099	2.88463721809
19123	19.57575562080
19125	18.67960014880
19125	4.99462376405
19125	12.76903230380
19099	10.18855124420
19099	10.94116266070
19153	11.06611633120
19153	2.09386952793
19077	14.53842970940
19077	12.85517792000
19131	8.31090000000
19043	11.14354212070
19065	3.42777165080
19069	11.60701982510
19197	11.19742033240
19097	3.83464346470
19045	15.11989748450
19123	1.63020984467
19117	11.33737486900
20013	17.81300237020
20005	2.00697349509
20041	1.58631959579
20127	24.76528771270
8117	11.43899183710
8065	18.46084097960
8065	9.74112223778
8117	9.18503671161
8065	27.99438401290
8117	1.64926489949
8065	17.12853993480
31177	23.78736335960
31055	13.61980723200
31177	1.35799972386
31153	4.20936525013
31055	23.86097588220
31153	2.91867483885
31055	0.71779039420
31153	3.74797528245
31055	8.22760631089
31055	11.85699342170
31055	12.52045642670
31055	7.03328987137
31055	0.77690237482
31153	13.90527704860
31153	12.29580129440
19155	0.80469733125
31055	1.64191989797
31153	3.90417128664
31116	4.77035010336
31122	25.55293723120
31177	7.21195611271
31177	3.09549110320
27043	6.40942437509
27043	13.80748240990
27099	7.19046909179
27047	13.17210932910
55121	0.88027957491
27169	8.49562191126
55063	16.31562446060
27055	1.58042410780
27055	4.33749048644
27069	0.75638330230
48030	1.87939905289
48095	15.78262491150
27061	22.94647706090
27061	16.14890723290
27061	20.65203256080
27007	25.22129335120
27021	5.99832276558
27119	1.16365059706
27007	33.22450773070
27021	2.84803012625
27119	20.87798660550
27119	10.82325379940
27119	27.50371358800
27119	26.68742329910
27005	25.14160161140
27119	38.65038052210
27005	0.51418557934
27069	4.32997852652
27119	19.47527784280
27119	15.76988446600
27119	24.81452384770
27119	1.17381833773
27027	20.87239910730
57005	2.93812972294
27133	6.13272675535
27127	11.75572279860
57005	1.90882099737
27127	27.57661107310
27127	25.65828457070
27127	30.50563789460
57011	1.50188977292
27127	42.45228166890
27133	7.16240544522
57019	12.75790041000
27133	31.64938939740
57019	0.35205059296
27133	2.46150130611
27133	20.80031469790
27101	1.59903673816
27127	15.83524929790
27015	0.55165751151
27033	25.05247663930
27165	18.20309116720
27127	0.13104567906
27101	5.22375580260
27127	22.99649999810
27127	25.03666815450
27101	10.49130076560
27033	34.94979773670
27063	13.84089724360
27023	18.54423254670
27067	13.53354192060
27129	1.85002233770
27127	0.07197812168
48504	44.67077186680
48504	96.37731778970
48504	45.70588776340
48377	63.21745702740
48141	7.13835860280
48377	96.84344907680
48504	47.21760999060
48504	19.83763839550
48030	79.86785394180
48504	3.21240340711
48197	43.75439394910
48504	1.37239718012
48197	37.42429919220
48504	15.21172916930
48197	11.25469449940
48275	31.71287765640
48207	49.93806085020
48253	4.07366369591
48399	17.88775457120
48083	22.45058781610
48441	31.30797911010
48059	30.40220829150
48133	6.73939683725
48030	2.07714826144
48399	42.91225522540
48095	1.12688066804
48253	32.89637469410
48417	25.67272593730
48059	11.68174261740
48133	8.24498192903
48504	10.97044347580
48253	12.04067265960
48441	43.80649283350
48504	23.98702883980
48253	24.84800489430
48275	6.17273406037
48023	14.63850659760
48207	36.81513474040
48253	7.77377710254
48504	16.94672522740
48253	45.15242665590
48030	76.74847898700
48504	27.20135920140
48030	29.41170352990
48504	91.55880802790
35047	8.67686184764
48504	83.49645883910
35027	5.72943903100
35061	1.43859879397
48504	29.84998372110
48271	16.69989736600
48463	29.89313197110
31168	27.90364021010
31122	19.60261553430
31122	19.60580374580
31168	6.72352509416
31122	44.02063629210
31122	2.09772368533
31094	5.00085408984
31094	21.98018836960
31075	1.47793836137
31075	25.87551639630
31075	23.37479684340
31075	19.40487889070
31111	20.03962431410
31129	5.29651686530
20999	26.13163909010
20137	19.30494915570
20999	29.03186670550
20137	14.95503544290
20147	0.45538032456
20137	24.28655617170
20147	6.73269232242
20137	10.44844512440
20999	19.85542951620
20065	22.27061557290
20163	19.30235354370
20163	15.56728795800
20163	12.82229535330
20141	35.73090694430
20089	23.19590138350
20157	9.64484962134
20029	14.12045487900
20201	3.36446494612
20029	6.16716049223
20027	7.06160138956
20027	29.80984452680
20161	1.74634216865
20061	12.18737739030
20021	2.07532349767
20021	6.59458714173
20099	9.24722226222
20021	16.16673051240
20125	2.67119929596
20099	19.71911505680
31059	16.01254559460
27137	4.83320000000
40999	15.34369234600
19059	1.18859896096
19167	1.18661988859
19155	1.78982468415
20021	9.90617456203
27133	1.89581545515
27133	1.89581545515
19119	1.80913212551
19119	1.80913212551
27133	2.23387224791
27133	2.23387224791
57019	2.02229130444
57019	2.02229130444
57019	3.37881542852
57019	3.37881542852
27043	6.40635075062
27043	6.40635075062
19069	3.73199771168
19069	3.73199771168
8123	2.72486349395
8123	2.72486349395
27139	7.16815146885
27139	7.16815146885
27079	7.72176802552
27079	7.72176802552
27163	0.98596159154
27163	0.98596159154
19193	1.05672203062
19193	1.05672203062
31043	2.23548706550
31043	2.23548706550
31053	0.98361360300
31053	0.98361360300
48167	4.88646141241
48167	4.88646141241
48199	1.52995975110
48199	1.52995975110
48245	5.54404192264
48245	5.54404192264
19119	1.65288112398
19119	1.65288112398
27119	2.10065531656
27119	2.10065531656
19113	9.29741742807
19113	9.29741742807
19113	9.29741742807
19113	9.29741742807
19113	9.29741742807
19113	9.29741742807
19113	9.29741742807
19103	0.84800084906
19103	0.84800084906
19103	0.84800084906
19103	0.84800084906
19103	0.84800084906
19103	0.84800084906
19103	0.84800084906
19095	29.32248563770
19095	29.32248563770
19095	29.32248563770
19095	29.32248563770
19095	29.32248563770
19095	29.32248563770
19095	29.32248563770
19157	25.38511942620
19157	25.38511942620
19157	25.38511942620
19157	25.38511942620
19157	25.38511942620
19157	25.38511942620
19157	25.38511942620
19113	7.58969243226
19113	7.58969243226
19113	7.58969243226
19113	7.58969243226
19113	7.58969243226
19113	7.58969243226
19113	7.58969243226
19113	7.58969243226
