ID	length
31999	60.08697653640
57999	9.55287515409
31999	21.87723462630
31999	28.42377315590
31999	34.39440565690
31999	8.27688394023
31116	22.05140117640
31168	4.48783386669
31116	17.99288069260
31168	31.80572639580
31116	4.26460270248
8123	13.74432608790
31168	38.19411486790
8123	0.18933589200
56021	24.35478132470
31116	57.76813880640
31168	2.67826529306
56021	1.63592626973
31999	0.50966484085
31116	56.06840826480
31999	48.33690145690
31168	3.63374523584
31122	23.65381130720
31116	4.73684459741
31168	69.62575967250
31122	110.87835436600
8123	7.70133578372
57999	24.34933495800
31999	14.79852307080
31999	48.36817806170
31999	108.86476010600
31999	19.20484526010
31999	51.25588904490
31999	5.24400252670
31999	38.83442086060
57001	0.76929682828
31089	48.40972842290
31107	28.47757621220
31139	5.71889555681
57001	18.77883692730
31107	4.76434160725
57023	7.61678302443
31089	31.03151948410
31107	6.10639683774
57001	18.99067186720
31122	18.66785859130
31084	24.40913152330
31047	1.68378032415
31075	31.10214222570
31047	34.69548440100
31019	5.91434216968
31084	5.45498752519
31047	79.89914772930
31019	9.88554210305
31084	21.90135542680
8123	12.81899654010
31094	117.19875127200
31094	3.52946330906
31094	4.76694614612
31075	42.86724305690
31075	18.70452987840
31111	24.94617336920
31075	3.84885013088
31111	21.29785022540
31075	49.21117512060
20999	57.61195487970
31111	22.91978164880
31099	1.21303870507
31111	21.44336412030
20137	15.74439443360
20147	13.48660081070
31001	1.17147600691
31111	5.91799898099
31099	4.70751573560
31061	46.45189411590
31181	49.15492927700
31075	5.06405818490
31111	20.03962431410
31075	57.54448751890
8123	48.11706466110
31094	77.92553112530
31075	5.01358894503
31181	8.95067095127
31129	15.13828500070
20089	12.98671251340
31129	31.28396878540
31129	5.60551618313
20089	1.05431438884
20157	6.28523698231
31181	9.98515002244
31129	25.54990356050
31129	15.65600732150
31095	34.90602791470
20157	3.02723581145
31035	8.23891932612
31129	28.33350757260
31095	2.23297402461
31019	12.76463841690
31001	9.58495546136
31111	10.36463629580
31099	35.96385954160
31001	25.87331653560
31099	14.31002936980
31181	0.35509731061
31001	27.71925697330
31099	13.30750130800
31019	14.82527456530
31001	9.26657742990
31001	9.06894410185
31035	5.51122829922
31129	4.36304274962
31001	10.54089462390
31001	7.09680060037
31035	19.78852385910
31035	22.25013704210
31129	6.23794677290
31001	10.93744149460
31035	46.25552833290
31079	29.54152477620
31019	6.38032860021
31001	20.22780021930
31121	2.79043246477
31079	1.91051698239
31081	32.14606247750
31001	8.13174318647
31035	3.27223968943
31081	9.59652995020
31185	13.43513110420
31095	23.31786881230
20157	24.32078008230
20201	1.04166352533
31095	43.48224169670
31059	10.37357329240
31151	7.44510081829
31095	21.14807626090
31059	5.43578340720
31095	13.04515024410
31095	33.90193159850
31067	13.60382476820
31095	19.84023733190
20201	22.19841496010
31151	4.96212861784
31095	19.81979006990
31059	15.74088904700
31095	2.22863524382
31035	8.23488448829
31059	5.84035300855
31059	16.01254559460
31185	13.26623301280
31035	2.06647611412
31059	24.31906674220
31059	18.98218478980
31151	4.95684420978
31151	0.76724432223
31067	23.49550985600
31095	9.30513411302
31151	24.19333190180
31059	26.91921436890
31151	39.48099335020
31081	9.81234726987
31185	21.00903677380
31035	7.25497903216
31185	10.59863870630
31159	35.99715232470
31059	5.10955966498
31023	20.44756205970
31155	7.95319820818
31159	23.41165175420
31109	32.25735356560
31159	17.72642868490
31109	26.74680960760
31151	5.76397702181
31109	23.09089382100
31151	1.77396275609
31067	7.20573500735
31109	25.90515716800
31151	4.61891407692
31109	34.80089119840
31067	38.84503727540
31097	35.17115771700
31109	11.76846006700
31131	29.03632265440
31025	28.45373478160
31109	13.55549742320
31131	21.53179037540
31127	3.29002643150
31109	17.16340806700
31131	26.72400069870
31067	21.11448886110
31067	20.55777134500
20117	12.08820980610
31067	24.47480033010
31133	11.54974517160
31127	14.98095717910
31067	1.23460000000
31097	18.93100968580
31133	35.61528867950
31127	6.78145499468
31131	19.97567516790
31127	11.22466330980
31133	16.85159154830
31147	3.05536792080
31133	9.27154512755
20131	14.95209216060
31147	30.18268465660
31133	1.72882006583
31147	7.78586090927
31147	4.24565284202
20013	6.01323698519
31147	12.13800639700
31127	29.85314102340
31147	20.11218382040
31131	14.73569651760
31127	10.17411636090
31025	18.22431664930
31131	8.69497999916
19129	8.27134850045
31155	5.53226735709
31153	9.96104600998
31025	29.85091401790
31109	17.25887849120
31153	1.14584317426
31025	17.94878739350
31109	9.46895709918
31155	30.87551572520
31109	17.44071967370
31155	1.50398494673
31055	25.85764243250
31153	11.51552923700
31153	15.24978376010
31053	11.42606123900
31177	14.62375700590
31055	26.44340935160
31177	28.92556710580
31055	16.50619444600
19155	10.68538188010
19129	12.97419896770
31155	16.33008320530
31055	3.85161531309
31053	8.36858441545
31023	8.90867720693
31155	62.03983307900
31023	14.36801214860
31153	13.89950129060
19155	2.65563871225
31055	5.39151699135
31153	2.91867483885
31153	22.19099708360
19155	6.71557555018
31055	0.29297826008
31153	8.69242638869
19155	3.82008360772
31055	3.15982033816
31153	9.78138264939
19155	1.71435575363
31055	4.74198205184
31121	23.99261016380
31079	2.91879642010
31081	16.08113058220
31023	27.33275041750
31143	1.65972103680
31185	14.13747380570
31023	31.76235854480
31159	11.57929200060
31023	3.85271119733
31037	11.82479783000
31053	22.78719570350
31023	2.45805502372
31053	19.74014663990
31053	16.28151074800
31177	2.55886268725
31121	3.97440029361
31143	21.03262620470
31081	5.35318346033
31185	12.34020908770
31141	12.07674627500
31037	11.41463126280
31023	26.04643994930
31143	14.83826852560
31039	2.39444839821
31141	39.15555624850
31037	18.76442573510
31053	25.40703365720
31141	15.25782080310
31121	26.58402654990
31141	10.26171477530
31209	1.27689320227
31133	11.20230308730
20117	13.82582799210
31021	24.10461444890
31053	3.88849257296
19133	11.63265743740
19085	27.64296809470
31177	7.20620496300
19193	1.00651477883
31043	16.40551113160
31207	4.06542369450
31008	15.08734139770
31021	3.47311398748
31119	27.27720086430
31167	22.32130195950
31039	31.09980652150
31141	3.72329502591
31053	2.86510967678
31999	22.35143687480
31119	4.49867925344
31141	18.92519085360
31209	7.55856188918
31139	27.78474548450
31119	2.35467117025
31999	28.94936400120
31089	24.93216084980
31119	22.64215397820
31107	15.30106522650
31139	18.26543155910
31107	2.08926642150
31027	5.85302343589
31139	12.27681822990
31027	24.06595832040
31051	14.00852154750
31179	18.33153069940
31051	4.57637494203
31179	1.93159718886
31051	12.14350633400
31207	3.64700639482
31008	19.68455685350
31021	5.15244101082
31051	1.72600285342
31043	20.26517530640
31027	33.78184886020
31027	2.50550897025
31051	17.68487149250
31043	11.88183278610
19193	0.98684013396
31043	11.46433667110
31027	8.14147476530
31051	23.97284420240
31043	14.84075734460
31999	36.37838367190
31999	5.75887968184
31209	26.63318282370
31999	14.80594135970
31121	24.78468475450
31079	6.87369297518
31999	41.55198612150
31999	17.84162736480
31121	4.27909331932
31079	18.58859687920
31079	24.78735322940
31019	2.54524152559
31019	14.19848642570
31999	25.46966186150
31079	37.32612705710
31019	13.75803807840
31079	2.00661227196
31019	5.30676325265
31999	42.37034515270
31047	3.41578325977
31999	8.56824591355
31047	43.67754889640
31019	10.00318091360
31999	59.02362863740
31122	0.04157403036
31084	28.78664351150
31999	17.40970680580
20137	4.55798746502
20147	0.45538032456
20137	8.54216173813
20137	10.44844512440
20999	19.85542951620
20137	29.70187974650
8035	20.93025776720
20999	111.85203732200
20999	15.13418036760
8127	69.31905828780
20199	74.29257982620
20999	21.32701984340
20065	16.61970060050
20999	50.52000894370
20147	32.04825060000
20183	31.76812671270
20089	23.89632843240
20199	15.16801978430
20063	26.00436720740
20195	30.19995407060
20065	14.98788083860
20163	38.03231006160
20141	5.69339802276
20105	8.63473654422
20167	28.57971580110
20141	22.22924910170
20105	14.53604868570
20167	0.78232265083
20141	22.68993601560
20163	12.82229535330
20141	14.67770967200
20141	12.73886860120
20137	20.09842503530
20147	32.92305926170
20183	21.34753031070
20141	11.43668226100
20089	43.21849763290
20157	6.66422638391
20029	7.17205898255
20141	3.18310000000
20123	35.00425645640
20157	22.70525257300
20157	25.49450550580
20029	9.72490176917
20029	12.19607408090
20029	2.85339605733
20157	32.00519874230
20029	3.07923620020
20157	11.12210063130
20029	14.85208318340
20029	8.20636449836
20029	7.39671654778
20201	5.03754810399
20029	0.68433518834
20201	0.13601431696
20029	9.85846319121
20029	10.27230160400
20201	3.02615259168
20027	0.82197416626
20157	6.54784670942
20201	47.07325393500
20027	4.14066966341
20029	8.16600210568
20123	11.19536173650
20143	25.38962994600
20105	7.33239413099
20029	23.38452481870
20027	9.08947089621
20143	26.54525044080
20041	6.16283065144
20201	0.80571500570
20029	6.17012457087
20027	42.94916064320
20027	1.92719983914
20027	14.32106845680
20161	1.74634216865
20061	12.18737739030
20027	19.86165955360
20161	52.49131667640
20161	10.73224923130
20061	6.84224997772
20201	16.83832401270
20117	11.60571318540
20013	14.95009690840
20117	25.99272430390
20131	26.02718577640
31147	1.44252989570
20043	33.02519748060
20013	30.53464248250
20005	3.56610343836
20043	11.11322529030
20013	14.99564726750
20043	19.82204269860
29021	11.53809991530
20201	10.58827958950
20117	13.48341972590
20117	32.67192927130
20117	5.80017647059
20117	2.92167694655
20161	20.97442838630
20149	24.78656645830
20117	11.58036978780
20131	31.67151158190
20043	9.28906986517
20013	17.76839959500
20131	3.56937428690
20005	30.81422492720
20085	3.22753460599
20131	17.76892213630
20085	38.04720018950
20005	29.80800076750
20085	4.33243453615
20005	14.65054778010
20103	25.39423111570
29021	10.53780382930
29165	14.56820762230
20103	5.44679767725
20005	7.58797421669
20085	22.89935037690
20087	20.23997453150
20085	0.38499953247
20103	14.61653047570
20087	22.50468160100
20117	11.81186426920
20149	21.15946617640
20085	16.88004649200
20149	9.75755491287
20085	16.61681908840
20087	48.09982119920
20177	24.71999918920
20087	2.75357822660
20177	0.47385099979
20085	4.70280445462
20161	4.84548057472
20149	39.62270647460
20177	32.73769631250
20197	7.16653841105
20103	13.49304447610
20087	0.89667407680
20177	9.94722518967
20045	22.04840733830
20103	18.39273088010
20087	5.76839783655
20103	38.49956932150
20103	23.77442708060
20209	14.39310159490
20045	6.60592759283
20091	7.28121078128
20209	0.08576059701
20091	2.62818879459
20177	10.46959376940
20045	17.54692731980
20103	1.36899108105
20209	0.57985347287
20045	12.24810685800
20091	10.93767717690
20091	12.03914716260
20091	17.70684032460
20045	16.19128114870
20059	11.33716945270
20091	14.54724045340
20139	4.85208096940
20121	1.18764000017
20059	50.15887402860
20031	8.34455884938
20003	25.70142388720
20091	22.54689613060
29037	0.10941265923
20121	25.53788484200
20059	16.49639422610
20139	1.16303743706
20059	13.25795998750
20031	7.89517114428
29095	17.07417664610
20209	2.50223477116
20091	3.53056471687
29037	4.31622902109
20121	9.26656929235
20091	7.03466482855
20121	18.93684282220
20121	18.57506341540
20161	4.93233886884
20177	19.51676283810
20197	39.20879330790
20061	2.22651811131
20177	14.95579094520
20139	50.87250031430
20139	27.74232646980
20031	5.77672232586
20197	28.44490788960
20139	5.22188955508
20177	11.91750542720
20139	14.33222685210
20121	29.05705155010
20059	5.12386860762
29013	0.58850217502
20107	44.65167948160
20003	32.70072212100
29013	11.09969411010
20107	28.81834899420
20003	9.93937926790
29217	35.28308205480
20011	24.46278166500
29013	1.10012552011
29217	11.00027454980
29013	1.03146887980
20107	6.26678082298
20107	7.57158585874
20011	33.38115000740
20037	21.62607494640
20011	11.80472066280
20037	8.32181057568
29217	15.52731422160
20011	6.39712706199
29217	14.56472066990
20037	4.36244424017
29011	21.34520897090
20037	1.17083828089
29011	4.33064795152
20011	7.66874678450
20037	26.08143743140
20003	1.96912914000
20011	38.26389666300
20001	17.40166985010
20037	35.18907465040
20031	10.64110207950
20003	44.67494645530
20031	6.37037358088
20003	8.96940231933
20001	23.52721578660
20207	6.84570000000
20031	10.37835958900
20207	0.98198991220
20207	23.39029026300
20003	2.85520516951
20207	3.89992015944
20001	5.68584424599
20207	9.00027066890
20001	5.37350770819
20207	8.00031849063
20207	3.61823105122
20001	21.82690806390
20133	7.01648312194
20001	12.33067855110
20133	43.24328874280
20037	1.24680430852
20099	10.10859374380
20133	30.92720507400
20099	0.62694316329
20125	2.65308652893
20099	41.06343488000
29097	0.44319803700
20021	30.64299364500
20037	12.73339549080
20021	3.88179919361
20099	16.84781211180
20021	38.74433510580
20099	10.58990855380
40999	24.19117055830
20099	2.40660984820
20021	25.29008874260
29097	16.08137752050
20021	44.80254230860
40999	4.22153277424
29145	0.40223158752
40999	15.36298336210
29097	23.64619071870
20021	8.20148088309
20037	11.42159485500
29097	3.01680343256
20021	2.72003265526
20037	7.72969032433
20125	14.19467524270
20099	41.63990136950
40999	7.88283546419
20125	14.11706630500
40999	18.37192296560
20125	7.21034410981
40999	9.75684375515
20125	3.53015989440
20099	14.14912206640
20133	18.92383109260
20205	3.30693836988
20125	45.14290255040
20099	0.77687596179
20125	18.02842610820
20082	8.78763316570
20125	8.23902744591
40999	12.26003068890
20082	1.89516940668
20125	14.93922849350
20082	16.96978865620
20205	26.44857758370
20205	18.00838264870
20205	11.12955740540
20082	17.18454592710
20125	11.85241961380
20205	8.34898302575
20082	36.65490789980
40999	7.88250151074
20082	10.70814749390
20133	2.89862342846
20205	13.22624824660
20207	9.98417773094
20205	6.75866024201
20073	5.36459990939
20207	14.16480156030
20205	13.61952386120
20031	25.97096841480
20111	31.79856601800
20031	36.96973275460
20073	3.59796109067
20031	2.42733700380
20073	17.67244379340
20073	43.63690584190
20115	16.23793207530
20073	13.47509213830
20015	60.53697539890
20115	27.62934027290
20015	1.14781424020
20139	11.97938343450
20111	25.03342303450
20017	16.75873208840
20139	19.61632973480
20111	14.26447753690
20031	8.24966678663
20073	29.42530486390
20205	6.64571432638
20082	3.97455230855
20073	1.30499494635
20082	30.91075950600
20195	3.79663865149
20051	33.41727784380
20167	32.62004244690
20169	19.04458111010
20053	34.92923992140
20143	10.12982037680
20105	48.40622839100
20169	29.98995653070
20143	19.35125906370
20169	20.39700357490
20041	13.81795512270
20041	3.59177500966
20169	0.40933265201
20041	22.71422728960
20169	13.90855421510
20197	14.05194728230
20061	20.01278050270
20041	68.80545129010
20127	20.69769646930
20115	7.03405398338
20041	26.54739552700
20169	24.57347522660
20127	12.13876581910
20169	7.51500449235
20041	6.83444511524
20169	1.47758000122
20113	36.73933149620
20115	23.72076158810
20139	5.23454445394
20127	28.05066993410
20111	22.87684517460
20127	12.11310590300
20115	19.28894728150
20017	9.90913809876
20041	1.58631959579
20127	18.00594794860
20115	3.42165442898
20017	20.74367421240
20115	12.68386196680
20127	12.11877989530
20111	13.60952796940
8011	8.67076869928
20999	91.61760225260
8127	65.01446723550
20999	82.65993451380
20999	30.13391057550
20057	11.42214201900
20999	139.71248862400
20999	17.61666130370
20057	53.56565238780
20999	45.52399102020
40999	20.28475474820
20999	18.74400286900
20135	32.00975199900
20165	31.55424009760
20009	28.56760448860
20999	43.73649353740
20169	20.16697147070
20113	16.39216697200
20053	14.37352385170
20159	10.40002168860
20053	17.94743190170
20009	4.87279868043
20159	30.73130134650
20053	3.64691321668
20053	6.66932705035
20113	4.46234802878
20159	7.71243871493
20113	17.05800258630
20115	8.44173781896
20053	8.91991731464
20159	1.66831064853
20113	33.01935545420
20159	36.74714173810
20155	6.21025697575
20165	7.29262870644
20145	39.12656209670
20057	4.51604471191
20097	38.38484151430
20151	39.92100528100
20009	14.17353597680
20145	15.95924365300
20185	3.83208643561
20083	32.64638287400
20145	26.46150716590
20083	16.31942493180
20145	10.30535643050
20057	12.08189100380
20151	21.63058167190
20145	4.67146505606
20185	45.18628438900
20155	6.20437487178
20151	7.44207442755
20145	12.06516352960
20185	32.08335507180
20155	54.91178876250
20151	6.98314376560
20155	60.70079072220
20173	19.78727176880
20155	39.82348758700
20151	16.32441539920
20077	4.47307471227
20191	1.30102323192
20155	13.99027571760
20155	23.02152413020
20173	32.80167235600
20159	5.03845067159
20155	22.27257601440
20113	17.67705849130
20173	25.16241684650
20015	2.40890574743
20173	31.74582180070
20015	0.53508209651
20173	46.91261365000
20173	26.27268630530
20015	0.90545341680
20173	4.22287617744
20173	10.82617507420
20015	16.52346280910
20135	34.41561326140
20165	31.99574549420
20009	32.69682097260
20159	30.88383458630
20999	14.45481277940
20097	12.27772506980
20151	32.52419598800
20077	15.76454703800
20025	28.54491609940
20033	27.39344204430
20097	3.44959492115
20151	7.75949584523
20007	48.36128554270
20007	1.33731587694
40999	62.08440762370
20077	30.54205506440
20007	13.26841393020
40999	4.26394874266
20155	18.04751974810
20173	43.37046284070
20191	32.16406651000
20173	16.82339201810
20173	49.37582761620
20173	1.84571597219
20077	17.96091703690
20191	6.23597344833
20077	4.09785271209
20077	7.57180370652
20077	25.75391222410
20191	22.46256676560
20077	9.14083574799
40999	21.37379458640
20077	11.75858585570
40999	12.69099963690
20155	3.33588561105
20173	6.92491020182
20077	0.48328370550
20015	13.56027064440
20191	39.34294742230
20035	25.61852077410
20077	37.28435277400
20077	15.26913657820
20191	11.34701579350
20191	3.60303800840
40999	15.65371067430
20191	81.71643457350
20035	25.82688151560
20173	18.57204440480
20015	26.45819826700
20191	6.66465898678
20035	29.88034857000
20082	4.47833411549
20191	2.70650000000
20035	40.78575478780
40999	36.07167788820
20082	14.62428625770
20035	50.46614125300
20015	41.88461330840
20035	24.56450941260
20035	4.56570665115
40999	9.49206979346
20073	16.78556498600
20015	1.37594207000
19167	7.80085110111
57009	7.31827644463
57025	17.08684950110
19149	29.80210956080
19193	6.49084430808
19167	6.01924263863
57025	22.86009792650
19149	15.85180447980
19193	13.88715213220
19193	10.57944897620
19193	15.03238354370
19133	15.40588252910
19149	5.19200412053
19193	64.65556293140
19133	38.10650485140
19193	15.07073210530
19133	16.69817860690
19133	28.48547035540
19085	11.09924267420
19133	1.92149277822
19047	36.43477529400
19085	8.73735600739
19165	22.38151646350
19155	22.56798713010
19129	13.74481496250
19071	1.01160392447
19129	12.96938564260
19129	5.57897409479
19071	13.19988516990
19155	22.72310833750
19129	26.56473681300
19071	50.22043037530
19145	3.70800742071
31131	0.52224180223
29005	2.16658877345
19085	25.30789665190
19155	11.70168538430
19047	9.29239190972
19085	16.49705431460
19047	9.87393962105
19085	16.10988969360
19047	17.54066567340
19161	5.23007521357
19133	2.17197101165
19047	36.88911520790
19093	20.27058185920
19161	16.57149324790
19193	6.71750291619
19133	3.81684347727
19035	35.12315766600
19149	23.67847411050
19093	4.51278609925
19193	3.17421913377
19167	31.04947886330
19149	11.71885447240
19167	25.09693768410
19149	28.06911990360
19193	6.31791977938
57019	1.05842953946
57017	35.25785900500
19167	4.78291255199
57025	2.25499025966
57017	1.44221797590
19119	9.55494405929
19141	1.24333673343
19167	48.28040292420
57017	1.50270263525
19167	10.46692995200
57019	7.72848181115
57017	8.28453075536
19119	28.19658413410
27133	4.12968770307
57019	2.02229130444
19119	0.43994732639
19119	35.03239813080
19167	3.50775029307
27133	11.30733627020
27105	2.28953621723
19143	16.70328407910
19119	43.46988550370
19141	7.39997227055
19167	7.76283511719
19119	8.77390872492
19141	27.59485281650
19035	12.43361543670
27063	2.44117366240
27105	16.24585766530
19059	29.98531336100
19143	11.32486000660
19041	26.21238666830
19141	24.96321435450
19167	8.52331698360
19021	11.46981051840
57019	13.24804059970
27133	8.45342820044
27105	22.23109525610
19059	3.87856650772
19143	18.93284828960
19143	12.17161309030
19141	31.45194511560
19041	13.33803932120
19141	3.04043593256
19041	25.99849780680
19141	3.71610404187
19021	13.70806517150
19093	16.44029271690
19161	48.36243799310
19193	5.64566958581
19047	16.00757884360
19161	3.56172493323
19027	34.14468714770
19027	10.14535882730
19027	8.75531981604
19047	14.63032621670
19041	3.45032619472
19021	28.44581473860
19035	11.07037923560
19151	13.71140018060
19021	27.85455753440
19021	6.34679822867
19161	12.30080930700
19145	17.45451240510
29005	11.04749237800
29005	18.21221842550
19165	8.82029013070
19155	69.69849565560
19129	16.63432916730
19137	16.98134594330
19145	10.49730028020
19027	6.48487974582
19047	6.25731086932
19085	2.92270716289
19165	39.55217908510
19155	10.06849832190
19165	21.22783051180
19155	14.35317559080
19029	25.91509941610
19137	28.33224406960
19145	31.27294357430
19145	19.27915217740
29005	2.14278732568
29147	17.40191711550
19173	37.95887661380
19145	13.93618508250
29147	27.53491282390
19001	28.15341596440
19029	10.47711373220
19175	13.69152089780
19003	27.52593903690
19137	4.39309453124
19175	10.93311276180
19003	5.08962110181
19159	24.75431604170
19173	20.94077086070
29147	11.75233040280
29227	6.23483561295
19063	12.30532756110
19059	16.70635416520
19147	21.50070226040
19041	23.54914715120
19151	34.92274207810
19021	2.85938862172
19041	19.20347189120
19151	41.72664482860
19021	4.63930834716
19161	6.76969281873
19025	41.22276948400
19161	14.89711059310
19025	32.93954350230
19025	25.47756569320
19073	29.78546144290
19027	26.93957674230
19187	14.12199472480
19025	41.64716485050
19187	12.90562534940
19025	17.44732036220
19187	25.83205724320
19025	1.77740144060
19187	8.19982976799
19197	15.62544862000
19187	62.75170351260
19079	13.71787279040
19187	16.17773118060
19187	18.83887945610
19187	20.86490842560
19079	37.75403758010
19187	17.88738332400
19015	15.62532607510
19073	23.37370047500
19073	19.24709728600
19027	26.09552208540
19047	7.72566048317
19077	9.52666920969
19015	23.79478925490
19073	14.80987773990
19015	1.60428000050
19049	11.77184839860
19077	3.80371068707
19175	26.10511830680
19159	6.71523690924
19053	38.62961673330
19159	20.01230417670
29129	6.03052659685
29081	1.50950744616
19053	15.63059287860
29081	25.77523294930
19053	10.03729426220
19159	26.48770170750
29227	6.50164759734
19027	6.23598894601
19077	28.64619547810
19009	28.38564533040
19001	3.34262437280
19029	24.73467167380
19015	32.37520902700
19049	57.35919551730
19077	16.68294132170
19169	11.00947751660
19015	28.41135207050
19153	20.79890207860
19049	41.80745937140
19077	9.28866656420
19121	5.53204913831
19169	21.62449679420
19015	18.14980030500
19169	1.40467412947
19153	28.49530368180
19169	8.24109684037
19153	19.33618246530
19169	3.57820282963
19153	26.28662372120
19153	6.71645104426
19153	8.29585887098
19181	33.97458695940
19121	26.74343828090
19039	23.14637152360
19175	16.80532543500
19181	2.01786473779
19153	9.34899809469
19181	12.49289449470
19121	12.73671014270
19153	10.74550963230
19181	16.06950930000
19181	28.54600436720
19117	20.57364647860
19039	33.04218642070
19185	7.53313061585
19053	20.59738986350
19117	17.84461618520
19185	17.16606283200
19135	17.82017956120
19117	22.29566766590
19185	9.48133134375
19153	12.98326192230
19123	23.14931171700
19125	37.54163480670
19181	4.81445478808
19135	5.34795124291
19123	9.12409732100
19125	3.94718431923
19125	12.60023495670
19125	9.55262994842
19179	21.26323135550
19135	44.44226855460
19107	5.94159416129
19123	18.71896477170
19179	13.28794867680
19123	10.72463911910
19179	15.62762727200
19179	17.03829043680
19051	15.81754029600
19179	9.74537713136
19051	0.09964421709
19099	14.13026793780
19153	35.74394989080
19099	16.09110424070
19153	16.60708491600
19185	17.16516223000
29129	10.00288403210
19185	28.16545305360
29171	12.73749933960
19007	16.71927986670
19185	13.01712549460
19135	0.14579389562
19007	13.60859355500
19135	11.50490658120
19007	16.83882780960
19007	34.93384108870
19185	0.48210000000
29171	11.11678694380
19007	4.79584166748
29197	6.34813399118
29171	9.54826940896
19051	2.54565136919
19007	18.18632927940
29197	5.10866608384
19007	17.36004443910
19135	0.15048468361
19051	29.75083416410
19007	18.65422277550
19177	22.16658238240
19051	15.37576212280
19111	15.18967541040
17067	0.77246836828
29045	15.36088012670
29199	0.00670074623
19177	0.00670074623
19111	5.49464241971
17067	15.30054556820
29045	29.36696065310
29199	22.77368550350
29197	17.68368732600
19111	11.36963135060
17067	0.66437056678
19111	5.45654099316
29045	6.96929262632
19177	1.36975528471
19111	16.84115622000
19087	0.15127633655
19101	12.84843273640
19179	2.94893300897
19177	15.86352541320
19111	16.81218470460
19179	2.61602385692
19177	21.82680119750
19051	0.17766676673
19177	15.76802464010
19111	18.00884885490
17067	4.78465077802
19111	25.21163940190
17067	25.22255112770
19057	7.95877665141
17071	0.39900637790
19101	19.01105238300
19179	13.55724932580
19183	0.30622988097
19087	20.83421457090
19101	29.69986431040
19111	2.99399208082
19087	11.55021032690
19057	35.98214887080
19057	11.65774663930
19115	11.49959471680
19057	9.00073501820
19115	8.83016146011
19057	6.01363088799
19115	6.91150803087
19087	13.17389933360
19057	11.01432571550
19183	28.33864930830
19115	0.44177647063
19087	18.18206261370
19101	5.23376425625
19183	0.31304173843
19087	8.51900121275
19183	10.35613397400
19107	24.03918550000
19087	0.22624732043
19101	23.65305631510
19179	18.10805862390
19183	6.30099445331
19107	6.78405698061
19107	6.39077311341
19123	16.01919205870
19107	25.32066569590
19123	10.26360096850
19099	3.51831085868
19153	10.90447429420
19125	23.39352495420
19103	7.80889057221
19139	30.38233374990
19183	76.47984701210
19107	44.60887627920
19115	18.52563242840
19139	14.98415674050
19115	11.53550037210
19099	2.88463721809
19123	10.45165829980
19125	14.73241582950
19099	36.23223440000
19099	32.11068008810
19127	14.69316433720
19169	22.42469121320
19099	15.74664598130
19153	7.20706413671
19169	19.13852965290
19127	29.95309946010
19169	11.43078839020
19127	7.12828329538
19127	5.63718880772
19127	30.93329482440
19099	9.10362170078
19171	44.25485339520
19127	35.05898364150
19011	0.50045383380
19171	36.82884178560
27091	23.67882120480
19063	41.64514292380
19147	21.52521170480
19109	1.01694255181
19147	19.78263987990
19091	48.72028213220
19151	10.12663418420
19187	12.94990341670
19091	7.65750110157
19187	10.45751362110
19197	30.87555436740
19091	15.05729502610
19197	9.16993208591
19091	27.67973486070
19109	25.84260522270
19147	13.78738309090
19091	0.08699356298
27043	5.61181870876
19109	23.67273689610
19063	6.51837228915
19109	23.99670675470
19109	14.06605648350
19063	11.10059002600
19147	1.08495663047
19109	26.06214638240
19081	23.16188940370
19109	3.24759142750
19109	6.56923121910
19081	26.37880621500
19197	12.61152861210
19091	0.11546085917
19189	1.22547337079
19109	2.50070000000
19081	37.43989451160
19189	21.19065232730
19109	11.06399501500
27047	12.15145844950
27043	16.08588340130
19195	3.14692352942
19189	16.82985823350
19109	7.21689260693
19189	14.85843046440
19195	15.91493734540
19189	1.56773116318
19033	17.77121900980
19081	5.13573981039
27099	7.44607855953
27047	20.64356119520
19131	5.75314825588
19195	29.80779021530
27047	5.58361151227
19195	12.12525581190
19033	18.38518759680
27099	0.16569640913
19131	9.73187419976
19195	10.95820144670
19033	10.14138322530
19067	1.59861465338
19033	73.93340416270
19081	0.26111125981
19067	21.79409336570
19023	42.27197838520
19069	28.41559005940
19197	13.93567619320
19197	25.08603744130
19083	22.78795184310
19079	16.81530521720
19069	26.06633793940
19197	11.13876581130
19083	3.13499730143
19069	0.27986657535
19197	12.90099974460
19079	9.46932363308
19169	13.41452767190
19083	12.05152157640
19079	9.69773751192
19169	13.33207263670
19083	63.60832448610
19075	43.58797452510
19083	22.18571957550
19171	13.41316140630
19127	0.73055941579
19069	27.72442334840
19083	29.99335572900
19023	33.97866859550
19069	7.57062651899
27045	9.38846214460
27099	22.40225260400
19131	40.22337904660
27099	1.06502083078
19089	16.37701335650
19131	13.82044064220
19037	25.69940708500
19067	17.59160843480
19037	8.06931029940
19067	26.55390195430
19017	18.07613991040
19023	14.56918141490
19191	27.60703960690
19037	26.83206410900
19017	36.58230419490
27099	3.20346493972
19191	0.77020321994
19089	23.81532307570
19191	29.99563056980
19023	13.94637604770
19013	15.16694995910
19075	22.97221783740
19013	16.07126675780
19013	9.94270202222
19017	5.15205766665
19013	29.78774129040
19011	12.34563406400
19013	5.92406431005
19075	2.37168491162
19171	20.25337809130
19113	11.88526155860
19011	27.93101764840
19171	23.42571371810
27055	37.48439375280
27045	47.78287252250
19005	26.14318202160
19191	5.33228283146
19191	5.00178619695
19005	1.96648087964
19043	0.66694025220
19005	20.31890948610
19005	4.51025281996
19043	24.75899096970
55023	6.12711998332
19043	1.73203975128
19043	14.96436757780
19061	30.32922406800
19097	11.91159767120
19097	22.85709371500
19045	4.09512641075
19097	1.56684166399
17015	4.92302658180
19045	11.59208243550
17195	6.63967689033
17161	0.11616899132
17161	4.11317641250
19163	6.58094186452
19139	16.59148750340
19115	14.84126328100
19163	15.32255368020
19139	29.24135167910
19115	12.81241865680
19163	6.69153003859
19139	4.52465630628
19045	17.25394920840
17161	5.58380561790
19163	29.66163332380
19045	2.59087129167
19163	27.20834162490
19135	2.92538958089
19123	0.42543292068
19135	12.38476851870
19157	8.77642028270
19099	18.97357016100
19157	17.81107255690
19123	1.70079819497
19107	0.40302297701
19123	13.63207295860
19107	19.68137630700
19157	19.74818064820
19107	5.69521191585
19123	4.94801748142
19157	35.95638198210
19107	9.43928030049
19011	0.88372675641
19171	0.90674261508
19095	40.15645317820
19157	14.68227256060
19107	7.11028498117
19043	20.79444867730
19043	13.62834538360
19191	11.07693712870
19065	43.31179066500
19065	10.16253403500
19017	10.15121486760
19019	24.99842860500
19013	42.83573159790
19113	0.95877912472
19011	24.86349049140
19171	1.76112471165
19113	7.01624014588
19011	26.23829170560
19095	8.49855331127
19103	28.15320003970
19095	8.65228987123
19183	2.27572732330
19043	11.32373586730
19065	52.11536963020
19017	1.07420222491
19055	17.06797080580
19065	6.25774669030
19055	5.86451205708
19019	11.34279151550
19055	21.28506877580
19019	13.83748678810
19113	49.90535324860
19055	30.00862205950
19019	16.47029448590
19061	6.74309148836
19055	34.88258676850
19105	3.40735618610
19061	8.14101331879
19055	0.66268129595
19061	27.84122640290
19055	0.71025426433
19065	9.94201580705
19017	14.92254256880
19043	29.53240840010
19065	16.49404987700
19113	11.11401073930
19113	11.76763973510
19113	45.05686019660
19045	5.64199912712
19031	26.57600681930
19103	41.23819885510
19163	4.54471957067
19031	1.17192322701
19103	10.58136401360
19139	11.54970268890
19139	13.22370535780
19031	40.85838714980
19103	6.85833868628
19163	0.95691032495
19139	4.31526885624
19105	24.19844779260
19113	10.01733462980
19045	48.40595156930
19031	7.48883756767
19105	39.60264426140
19045	1.19920400683
19031	0.09693446240
19097	13.05518181980
19105	22.94344898750
19045	4.49589252805
19105	3.56853971535
19113	8.31746148442
19061	22.25421270890
19061	8.98821618400
19097	20.75190653410
19105	2.74962029560
19031	8.93898231589
57019	19.39545285850
27133	24.77505433990
27101	25.41690441980
27063	14.23672420970
27105	19.81612635010
27133	9.25377055097
27133	14.21806418240
57019	12.90134963710
27133	19.06986006820
57019	7.15068406341
57005	12.81080425530
27133	37.09881627860
27127	21.36227220570
27133	12.75155091780
27101	33.60770338020
27033	0.54257479669
27091	10.37565559790
27063	40.87457759740
27165	15.87517898360
27091	26.26413943320
27091	22.15113846810
27043	16.29762738200
27091	8.91214743707
27099	7.44178282403
27047	31.84445246210
27043	24.60839389750
27099	48.48609832720
27045	5.07420923421
27099	14.02428924960
27043	16.51146045120
27091	10.29184935620
27047	15.72114375170
27043	25.46919332370
27013	50.27270135240
27161	11.55901173900
27047	20.88653830100
27043	11.45403875750
27039	4.45990659034
27147	33.39113696710
27099	10.02245578690
27047	16.23029776390
27039	1.39055844361
27099	21.07229631030
27055	35.38131928380
27045	18.76607131040
55123	3.01152144937
27101	10.49130076560
27033	34.94979773670
27063	13.84089724360
27101	6.82279254076
27127	54.88348445960
27015	0.55165751151
27033	25.05247663930
27165	18.20309116720
27127	25.16771383350
27165	7.24359383524
27091	16.20253722440
27165	18.11877730890
27091	17.87218106640
27013	28.27687838480
27165	13.33938887960
27043	6.01030236317
27015	23.02985496930
27013	22.41750723190
27165	10.86084145060
27015	16.67598401660
27127	32.56249721310
27127	44.56643854100
27127	9.53277856459
27015	2.49538406062
27127	20.22243010260
27129	14.37446226000
27143	25.05911514160
27015	16.01968908270
27103	4.45700258470
27127	60.90056658310
27131	21.97357668730
27079	2.22691672852
27013	17.65169548300
27147	18.38032941430
27161	31.27616196430
27047	16.34716679530
27079	4.50671901835
27015	0.90735806053
27103	31.51122196480
27013	2.97743552911
27013	1.92010203114
27161	25.19045007450
27053	7.78773241754
27037	2.13203148429
27131	10.64956689450
27037	17.30761266340
27139	32.28696573800
27131	15.50386380490
27079	9.37815544699
27139	21.27870474480
27079	22.61117696270
27131	18.30121576680
27039	24.01002303260
27147	17.29935541960
27109	28.59121649410
27045	7.85538269039
27099	5.80427563932
55121	0.88027957491
27169	40.30340059300
27109	7.53724994477
55063	13.54999914070
27055	5.17473029677
27109	19.58709020740
27039	18.53600232700
27039	4.28292655202
27049	9.92188742829
27131	12.30410019780
27039	12.56881540410
27049	29.16731409010
27169	3.86761314120
27109	35.42121726720
27157	6.84398791915
27109	11.81574912510
27169	35.57029403190
27049	4.50488723499
27157	49.62164283630
27169	9.06486402601
55011	2.71537653006
27157	6.62026426210
27049	33.41344845070
55091	6.52891778893
55011	0.21823943273
27157	5.21491256694
27037	0.76027090566
27049	19.32103668040
27163	0.47373799834
27037	39.70442124570
55093	0.29480205223
27049	43.95558118560
27131	5.13019465106
27037	11.14378079540
27163	16.71067366410
27123	7.31713075213
27037	10.48713418650
27163	11.06908244120
55109	14.74774145240
55093	13.61755913540
27053	9.51696131682
27123	25.55256721880
27053	8.38355969896
27123	11.01519148190
27037	17.02814672490
27053	7.95650089662
27171	26.06865377460
27023	18.54423254670
27093	26.35758890560
27053	26.62814917230
27067	28.21042179150
27129	1.85002233770
27127	9.57125370906
57005	1.90882099737
27127	27.57661107310
57011	25.60071118910
27127	42.45228166890
27053	2.47942144282
27123	21.04010782330
27003	1.01786985907
27053	2.37268998794
27123	19.82263180080
27163	13.45527430020
27123	7.96309761885
55109	24.19107395520
27163	9.70517516226
27123	4.75586080747
27163	14.69315685950
55109	9.98849341257
27053	9.79575592115
27019	6.55543817079
27139	1.25502821084
27053	4.42993672349
27019	15.70253156390
27139	2.01947082673
27053	3.75025330090
27019	36.33261652840
27053	9.01961862077
27053	8.42072656665
27019	1.10465064613
27019	30.94735579490
27085	39.47203726010
27143	25.42637046930
27023	80.36319356000
27096	3.97900452375
27067	7.76547012259
27085	18.71044444420
27129	52.17564776710
27143	0.39409736107
27127	3.66903570372
57011	18.61432836530
27127	51.01081810030
57011	6.38383073907
27023	3.26207065527
27127	20.75415643320
57011	30.93806283470
27023	3.86168979205
27011	18.90167656960
27155	27.61517981940
57011	0.61599805195
27011	9.12782382434
27155	10.77485968590
27149	31.04938686590
27121	2.11176053803
27023	10.53166799410
27145	42.90296446870
27141	0.85675735772
27171	27.26579138680
27053	25.13124040450
27145	3.04923523035
27096	20.89789814310
27067	3.47208414933
27145	14.77615444090
27171	31.58593595050
27093	10.35521074440
27053	26.63379929600
27141	6.92151199700
27003	46.23105419950
27053	2.16764265742
27095	19.96430206330
27009	20.96006374550
27145	0.53307860584
27141	20.30787507680
27009	0.24380466153
27141	73.71101203970
27145	17.72892477170
27149	7.20819084051
27121	39.06583498140
27096	5.79319265436
27025	19.05487623720
55095	20.53437357280
27163	33.11189116640
55109	1.41897360856
27123	5.31431841642
27115	1.63247374651
55013	13.05136137900
27025	31.82625415970
27115	38.28775274630
27065	7.48509702816
27059	23.71521480500
27025	3.66050084141
27003	19.00280137380
27115	1.62067555359
27095	8.99134578128
27065	21.96126486470
57999	15.30553736550
27167	12.84275262390
27155	31.09137457390
57999	1.43437346950
27167	3.40718090215
57999	16.30373062360
27167	21.83921521120
27051	14.62810175760
27155	8.39364310291
27149	16.88255601640
27167	1.13493945213
27051	22.17324799650
27155	6.34708765597
27051	14.53416756670
27041	31.23450841250
27145	53.20574946730
27121	19.95660756040
27145	30.49286572400
27051	21.71340579490
27041	5.04696833631
27121	17.34270264230
27097	11.82549139950
27009	21.57082162540
27145	12.50151482000
27111	35.40168629290
27167	3.74014034357
27051	6.03292444540
27041	6.99689448970
27111	3.72251805771
27167	21.69736605320
57999	10.41887978340
27027	34.79723547960
27167	45.38251584680
57999	1.16698701364
27027	1.26627870550
27027	41.18989246960
27027	7.62379097815
27119	53.04180612110
27027	20.79263479980
27119	30.36289787390
27119	113.04478008700
27027	57.66154610790
27119	10.22782030160
27111	49.78536912030
27041	18.65898390920
27137	6.25420891072
27017	13.34493371580
55031	20.85186200410
27115	36.63921487070
27017	27.35246211540
27017	4.47093013253
27115	30.70048700070
27017	47.29471699900
55031	0.87377736210
27001	24.92552917930
27115	12.10434967510
27097	31.29784626570
27095	22.34688976390
27137	42.10848743040
27075	50.25678085390
27061	13.99736589210
27017	44.87184012010
27001	16.46430010270
27153	7.02244232181
27041	12.46305053950
27145	5.60812128467
27153	14.60776135030
27097	13.62060738470
27145	7.30567366539
27097	6.62812198213
27021	16.31669615560
27159	15.64310199840
27035	21.53691058200
27153	65.44898166720
27097	17.27560786450
27145	3.55675452631
27027	4.20823544743
27005	27.17356985990
27159	2.91462815017
27111	53.84528645910
27119	52.53418748890
27005	33.42484639160
27111	36.33425475750
27035	22.89593518490
27001	25.87157686730
27035	9.29067820680
27035	10.31701123340
27001	34.94894222560
27021	39.04060083680
27035	2.64915917604
27021	59.08600184980
27159	27.12144993700
27021	9.57918042167
57021	84.19250941130
27119	1.86452495827
27069	23.12278350150
57021	9.54495817958
27119	32.95350744950
27119	12.43429051240
27119	19.04295488540
27119	21.11200232140
27119	21.87627856730
27119	47.95029941870
27069	139.00004137500
27119	1.29041919546
27069	122.36360511900
27119	2.93676031397
27119	51.99420338760
27007	71.00745529440
27021	2.84803012625
27007	21.62370093050
27007	37.33453578370
27021	41.06316170370
27069	40.64515144680
27061	96.89846650300
27007	4.40599325692
27007	3.12099119706
27021	72.49056207290
55031	1.89657750962
27061	11.16527301750
27021	67.86474583490
27001	2.50471542668
27061	46.72516801590
27021	22.30278251810
27061	33.31076476550
27061	6.18731202003
27021	13.72605292510
27061	4.47237713932
27021	18.03852189420
27137	13.00819604150
27017	6.75724852191
27137	58.93798790370
27075	0.58972647193
27137	16.00123243060
27061	18.08113694080
27137	32.48771372790
27137	22.96033329740
27075	23.80286535530
27137	1.38443675190
55031	2.07432066229
27137	40.57672772060
27137	65.65337488620
27137	1.31482352428
27075	16.67833237830
27061	26.10077171380
27137	78.31197662200
27137	3.32721864501
27061	20.65203256080
27027	1.45079947960
27111	4.78199118249
27167	26.25482493860
27137	35.14481528710
27137	49.08952447640
27137	17.41591958930
27137	10.33784620420
27137	27.18394530260
27137	5.60082304046
27137	9.01786678011
27137	25.55478812690
27061	0.26929465275
27137	4.54845708018
27137	26.77156242570
27137	3.65145071730
27137	12.82057115050
27137	11.35360567630
27137	6.99660492063
8123	67.33943653200
8123	15.68118766090
8123	38.25735961830
8123	86.54262819140
8035	72.87397745750
8127	13.28343235650
8127	8.56424910389
8011	8.49518948624
8011	21.22437715410
8117	79.72200490580
8117	47.17931359620
8117	36.16003456850
8047	19.79227758360
8059	19.06271354650
8005	4.94914303087
8005	16.99897976630
8059	4.92921178858
8035	4.95566307732
8005	15.07123486560
8059	0.25695233021
8035	12.66078549760
8005	5.97668226443
8035	0.60176451374
8005	6.51295942899
8059	10.48193611900
8005	0.97530000000
8059	8.88725122991
8059	3.57931030368
8005	2.62264555363
8059	4.81795651184
8005	10.45252808110
8059	13.43530900810
8005	18.38123288120
8005	9.63091841207
8005	14.73889450910
8005	11.66477958880
8005	10.99553399980
8005	19.20725668100
8005	39.80908590030
8035	29.23534210580
8035	17.86994658270
8127	9.88868244550
8005	6.69965331826
8035	37.88902359570
8041	23.87383702180
8041	25.27225849240
8101	18.11462328660
8041	11.77670332890
8101	17.95744831580
8041	14.65965581400
8041	7.86386230990
8041	37.31773830970
8035	25.18600979980
8041	23.14863572380
8035	35.29756605650
8041	19.40308563390
8041	40.49147723390
8101	14.39595268580
8101	29.17873632100
8055	16.97216250390
8101	30.30996565790
8055	16.04996677830
8101	50.96596901990
8101	28.52936325200
8043	26.91253226440
8101	9.50541528369
8043	1.65191443180
8043	3.19699128088
8043	16.26380985940
8043	57.99526078740
8123	11.34731173620
8013	6.18146156342
8005	15.64441304340
8059	0.12100223139
8123	66.47702834060
8005	5.08361550873
8123	12.54767932260
8123	63.92540390350
8005	10.15334627110
8123	57.72975417650
8013	10.32701326970
8013	9.00130944344
8123	0.40920043988
8013	10.80277130210
8013	17.51306476580
8123	0.80866379912
8013	21.69773476510
8013	10.56848012860
8069	17.60752409460
8123	19.34570383960
8013	12.24478946310
8069	8.71984418450
8069	24.94159613510
8069	9.21774263581
8069	12.00074967290
56021	1.17797761014
8069	14.10243484650
8123	9.87640201263
8069	9.12968978256
8123	14.65820905150
8123	12.73153952050
8123	40.37516425940
8123	20.14254559890
8123	25.29235519450
56021	12.23860632570
8123	97.73696503240
8011	35.51102828620
8011	88.83056798510
8101	6.47053357460
8011	32.00862833690
8101	12.66248758180
8011	40.40181145970
8011	59.59616380370
8071	38.93012844530
8055	7.64705183679
8055	14.10539435090
8071	25.04993748170
8055	9.99089808041
8055	5.40005600434
8071	5.74325980908
8071	8.21708826881
8071	3.24892908510
8071	3.60561857661
8071	13.10311619980
8071	6.80566264194
8071	38.53490347970
35007	13.43957138900
8071	19.96795068630
8071	3.24885006733
8071	14.90429281950
35007	12.43235333810
8071	15.48802737650
35007	3.99261109175
8055	7.77436591684
8055	28.41845035770
8023	58.25757945990
8065	16.08124016350
8043	32.32707715450
8065	10.21832325170
8109	23.91517571750
8109	36.51451954160
8021	38.47601725010
8023	52.32995472210
8023	17.90794178850
8021	37.04568750740
8023	0.50822571757
35055	4.80754688797
8021	43.31210613400
35055	1.99406619068
8021	12.88761207650
35055	29.26950663620
8021	30.83830929790
35055	10.81858231970
8021	52.35249451650
8021	22.72865832210
35055	0.95385253053
8065	26.48088197620
8021	15.82937319160
8065	10.65480299170
8065	7.99184306778
8065	10.94476960800
8065	64.98066389960
8021	24.01761503910
8065	28.98053123720
8065	38.68490249950
8065	96.98407058950
8065	65.91920193050
8065	40.98571148750
8065	9.34638752727
8117	33.45850388990
49039	3.61442948053
8065	32.71662040140
49039	8.44029046809
49039	8.71499755418
49041	14.04072269410
8065	13.79498423720
8117	41.59360160140
8065	49.47641170860
8065	23.74021184600
8065	36.23908313700
8065	11.25303179240
8065	15.29631696300
8065	12.80019825430
56007	20.43271071840
8117	41.59122047000
8117	15.94642403470
8059	18.99014854730
8093	46.73870937940
8047	6.37131010468
8059	12.04954023680
8059	1.40457989449
8019	26.70431613830
8117	23.21918230920
8117	74.62075847020
8065	9.05684462776
8065	4.47531496322
8117	42.32612157480
8065	28.86828825190
8117	10.52405295560
8065	17.16055336430
8117	1.64926489949
8065	26.74926858860
8117	16.69002225990
8065	1.21310199489
8117	3.93400628876
8065	18.46084097960
8065	9.74112223778
8117	20.73480970820
8065	10.33880252670
8117	21.41421218230
8065	9.44633590846
8093	35.84618348470
8065	0.11870909822
8093	9.66967469858
8065	27.41437937490
8065	9.44383295023
8065	6.26719087935
8065	25.82899908600
8093	46.16308087540
8041	9.44429170386
8093	8.23978008042
8065	10.84922351050
8043	1.56057075777
8065	14.31776534640
8093	6.49057057969
8065	15.55734402770
8065	56.09426944480
8065	39.14626000610
48085	2.28631985951
48113	26.51395029180
48113	12.16008276220
48439	44.16104316440
48113	25.61465836730
48439	36.11012726850
48251	13.41353444940
48139	3.44958453295
48251	4.32499726358
48139	3.16211438914
48121	32.75188476830
48439	12.71939704930
48113	5.40439135611
48439	8.20914220189
48439	14.48698306990
48439	23.39853186170
48113	13.78221472120
48113	33.66626282650
48257	14.00631067850
48113	22.01273796850
48257	22.72594080170
48077	11.57906838780
48337	52.93877258670
48097	4.63109669632
48497	38.39876978270
48439	2.15083708821
48097	24.59229815570
48121	32.67494540160
48439	20.39119862160
40999	19.52680859700
48097	17.54704574140
48097	32.62820458090
48121	22.06331437940
40999	16.68578975510
48181	31.42120839970
48097	2.82744150426
40999	17.93819406370
48181	9.98229247952
40999	22.55322323490
48181	40.28360581160
48147	15.48108500510
48181	19.42293503100
48181	9.06335147561
48181	17.86701501890
48181	17.94393852230
48097	3.23731781881
48181	16.21742967670
48121	22.26345175280
48085	10.03046449270
48113	4.87237538168
48181	28.06876593010
48181	15.27267163270
48085	60.30039942200
48085	13.47429902300
48231	6.38755178453
48085	20.61842207460
48113	8.67004073299
48231	11.59341959830
48085	5.81622116219
48231	21.67356935920
48499	0.86853493309
48257	23.63969531160
48467	29.77462884260
48231	19.57678031280
48181	2.68743004746
48147	6.27063605386
48231	13.46011618850
48085	10.00018782620
48231	12.77800235290
48181	1.84896481849
48147	15.21937123170
48231	14.96338468630
48231	10.47435260680
48147	33.73387298510
48231	7.39650724449
40999	4.77605982171
48277	40.37124837980
48147	6.52905207898
48387	4.62356112969
48277	37.88240148170
48147	1.66505111970
48231	7.09746241554
48387	2.20737962299
48277	22.91519082120
48277	14.03697352230
48223	15.90345422800
48231	0.86382185664
48387	31.27409158350
48037	69.49703668010
48449	24.09168094920
48067	4.39478369660
48387	1.89009485741
48449	24.64566996470
5081	5.57980931036
48037	20.68632472470
48067	34.78378145000
22017	8.23745724915
48315	14.71904040830
48203	59.36504476390
48223	15.07570844600
48449	35.24243958090
48067	3.13302657131
48459	19.58017974050
48315	19.46828528710
48203	8.53906901834
48223	20.98573781860
48231	5.71194397732
48223	30.56154791320
48231	15.79265233970
48459	41.68696007360
48499	20.66407800640
48231	23.82260156940
48499	23.53824698080
48467	8.74140629533
48423	10.44469902590
48459	28.67238925660
48459	0.79367713839
48203	10.24623211630
48203	30.69296992760
48365	4.29471116607
48459	16.73967567200
48203	19.98545377690
48401	0.82702460551
48459	13.20395345450
48423	2.18922147349
48401	20.26183774160
48365	18.35334460040
48423	5.46492494217
48401	49.76266679660
48365	18.85487061060
48419	13.77338227270
48419	23.47029128430
48365	0.57148232694
48419	31.75482819160
48405	24.87104060910
48419	15.62592260200
48347	1.31416334221
48405	0.20142939210
48423	80.15356187330
48401	13.34445484080
48423	47.75110690390
48073	15.03329031390
48423	0.15631385095
48073	17.63175517710
48257	18.60554827240
48423	8.89661186351
48213	53.25230548700
48113	7.26330808955
48139	13.46102715780
48251	5.90770090644
48139	31.19773385180
48113	18.22267967460
48139	42.99818258160
48349	20.99240313740
48257	13.39803438540
48139	13.97489395030
48401	7.89362365576
48213	30.48260577400
48349	23.84227681730
48073	31.80344848690
48001	17.28442940240
48347	30.33369030210
48347	20.67632145500
48347	23.27536693830
48405	2.65508536209
48217	22.29829009140
48309	23.48925257620
48217	9.54109385208
48139	11.42861415270
48217	26.45030650070
40999	21.45400819520
48077	19.88770653820
48077	36.97155978370
48337	4.61503981565
48497	21.09871663380
48439	13.29942565460
48485	7.14676266309
48077	22.23662614920
48009	6.60088353336
48485	6.78602452840
48077	16.77050416540
40999	77.93092492500
48485	23.73352775130
40999	9.69080200035
40999	30.46766871290
48197	23.01962529430
48487	29.46092282920
40999	37.95832806600
48197	4.51160701303
48504	41.02576451340
48197	39.86027164690
48197	15.52892522900
48487	30.23450201700
48485	29.50930826680
48077	15.75948056510
48009	40.30187150560
48485	4.91965022436
48023	41.72386770840
48009	41.23184439030
48503	13.10266201170
48197	27.09129256840
48275	31.71287765640
48207	33.73575731180
48253	1.74131554866
48275	6.17273406037
48023	14.63850659760
48207	36.81513474040
48253	7.77377710254
48253	19.65782037610
48417	25.67272593730
48059	11.68174261740
48133	22.72847618420
48237	30.86109198770
48497	7.26080342800
48503	32.25115756870
48504	16.94587864590
48253	35.79836881990
48504	34.95747231560
48253	21.52523153710
48441	43.80962118040
48441	9.39682767321
48059	30.40220829150
48133	6.73939683725
48237	14.92448061450
48503	9.49283098027
48237	11.29229179790
48363	6.44268462134
48367	1.57201046409
48133	25.34800667000
48143	2.89839406569
48093	23.30050199860
48363	6.11694941365
48429	1.66795459625
48133	18.78053991550
48143	6.00807452683
48363	8.90975774383
48367	40.59648227530
48439	30.47232929020
48221	4.58620071359
48251	3.10308983112
48363	27.84807086960
48367	27.80103768300
48221	2.90400909950
48251	14.93818714570
48251	11.59383669080
48439	14.55354098840
48251	28.09448657900
48251	40.34765020710
48217	43.55681958330
48035	12.76841310870
48349	47.49773646660
48217	30.44415402840
48217	10.21553662230
48309	17.41400236750
48293	2.42282363576
48349	42.40985753390
48217	12.45907892820
48161	25.50762152950
48309	11.96129244340
48293	25.48062338290
48161	7.77723628611
48293	2.42993952600
48143	25.80645179410
48221	24.30895383310
48143	21.29618620520
48143	12.36652021190
48093	48.58702609140
48193	25.51474754790
48093	7.83451880572
48049	39.27999780370
48095	1.99151253361
48307	43.60652936350
48327	14.95949338640
48441	22.76041159630
48399	4.40508898889
48083	41.49094292690
48049	12.13148798770
48504	9.78232809862
48441	34.12600560690
48399	29.87289940290
48399	17.88775457120
48083	22.45058781610
48095	8.98043191848
48307	15.48455851360
48049	37.06245747220
48281	42.75929360220
48307	20.28134871750
48411	30.91237110810
48143	11.15788538480
48035	19.98216144410
48193	4.19252180134
48217	17.65650135790
48035	17.21451355690
48309	21.92422042310
48309	9.45562984946
48035	29.01489678290
48309	64.23404240430
48145	2.09229630072
48027	33.94587568090
48193	13.37193073720
48309	5.82727257300
48099	35.53243977150
48309	35.26537251150
48145	34.89874165930
48309	9.28574877379
48309	9.95393223053
48145	27.57349256030
48395	5.68381535349
48331	41.09212495490
48185	21.59294512180
48281	17.22244449710
48053	34.65938039640
48053	5.83775787169
48299	34.08430048270
48053	16.77252049390
48491	25.40881500560
48453	10.30124951840
48491	21.01934505480
48453	13.61499506600
48491	5.88808970500
48453	1.16275040314
48099	10.93923912040
48281	15.75037778320
48027	30.37886049780
48027	3.41453254927
48491	45.99807449150
48453	17.06198777990
48491	28.21624796860
48027	19.05331993320
48491	0.06618919851
48027	16.77915515620
48331	40.55529450520
48331	18.42176567100
48491	9.86506265211
48073	32.80507444030
48001	35.42006762450
48073	30.83510439630
48001	27.94241030830
48161	15.01601596500
48289	35.12429472140
48225	48.36854622080
48005	27.36986183540
48455	6.00651265362
48073	5.19194817867
48347	16.48378422270
48005	25.73923854930
48005	22.04359119350
48005	22.59176478780
48005	18.91561535780
48005	3.96221133460
48455	8.96091313762
48405	4.69013306421
48403	6.78146903849
48351	16.90906168570
48241	30.84774438000
22019	3.96010041287
48351	38.46991844210
48241	18.97089955560
22019	26.93123505550
48241	14.49787741820
48351	1.76171090988
22019	12.66605212550
48361	12.31343911440
48241	10.58491700830
48199	7.84770460817
48005	6.97102934437
48405	5.28535964812
48005	16.03902826720
48005	19.04048000160
48241	21.65273199800
48457	4.30357346399
48457	37.73395620800
48199	24.09421347510
48455	6.78679510005
48457	18.78768173510
48373	3.24855829715
48199	14.61614812940
48245	5.26567809973
48199	18.24966110900
48245	5.54404192264
48351	2.50226051801
48361	15.72857603740
48245	3.83853242399
48361	17.72701193940
48245	4.96504477523
48245	37.96054149350
48245	18.41593021000
48005	2.25195216446
48455	90.32863274220
48373	20.23297152500
48455	9.02116729697
48225	5.87472254409
48455	3.67678260712
48471	7.20369244554
48225	18.62068202990
48455	16.65549702920
48471	15.41718503890
48471	11.20696252940
48145	14.70117302970
48395	25.17009546900
48145	10.63076626530
48395	23.15393790560
48395	14.48048820430
48041	27.95735599220
48395	3.64222286523
48041	36.30539577420
48185	12.59853330630
48289	24.64572882860
48313	14.96323757410
48185	28.47118655220
48339	15.47775923680
48201	34.56893733550
48293	32.12006493470
48145	2.58849114737
48395	3.38566318024
48293	20.86828876390
48289	6.82932997137
48289	17.13450006570
48395	25.75968208350
48289	21.43482611230
48313	23.87622432120
48185	17.62470001220
48185	30.73866929720
48339	14.76755308620
48373	13.38584984470
48339	2.15133051389
48291	19.09950660270
48471	12.20360285200
48339	62.22134044320
48291	13.97343389240
48201	60.76279478830
48199	15.71690482820
48245	56.91369475570
48071	6.10481344639
48199	13.38161010240
48291	51.76069243120
48245	3.98608972553
48291	10.66882711450
48201	32.30347477780
48201	39.69399568310
48039	18.97978160520
48167	30.35978365290
48157	9.28860947720
48201	27.41931783970
48157	32.91151526060
48039	13.72571850350
48039	52.71534176960
48167	0.57984257346
48039	14.30036764040
48185	16.64800409470
48015	12.30320325820
48201	43.52349661180
48041	18.04377606800
48185	5.22416772032
48051	26.96853476810
48331	14.08893378830
48051	28.79995832040
48477	7.52558622367
48339	33.67277967370
48199	20.02332764890
48291	28.92928714130
48201	5.47534919891
48199	18.14347431260
48089	13.11434972290
48157	63.66598839840
48481	38.58625905940
48015	7.24056524865
48089	9.67545561961
48157	1.66562262833
48481	1.16613191792
48477	13.95550186910
48015	7.31199774959
48477	11.63570560330
48015	19.73141595970
48149	60.49630229460
48089	33.63918591010
48149	0.23258445778
48089	17.37890610790
48021	6.15787711129
48477	3.10623312873
48149	10.48644710680
48015	24.75754482200
48149	28.44783638330
48089	5.26890000000
48453	16.77815827420
48021	25.37128381280
48209	20.93387496480
48149	5.12861465310
48055	21.83409205810
48491	12.71873155150
48453	1.84572071831
48021	24.92242016830
48477	9.16854760241
48453	22.83825116210
48021	30.15746417480
48039	10.07377544170
48039	19.27141761700
48321	23.95338347480
48321	25.09523089570
48321	11.94516599120
48481	33.07645550880
48321	29.60126622830
48321	27.62845046780
48321	18.39909451750
48239	26.42381400070
48321	6.09797273861
48469	12.27286866640
48057	7.49853961788
48149	11.52068794570
48177	45.54388943890
48285	18.76787988240
48089	25.63237774400
48285	41.05183122330
48055	18.62402465640
48177	6.32588923472
48055	1.18830077842
48177	14.48026440180
48209	16.70284278990
48091	16.10866374750
48209	9.06854102494
48091	14.78610833620
48029	31.15346028350
48091	13.87811079240
48187	1.41163472741
48029	3.83136048857
48177	17.79293335560
48029	19.21879551970
48493	33.35493334190
48123	15.39954337980
48055	4.51555632975
48187	39.41605621520
48029	17.82346542140
48285	0.77144651791
48123	30.19117386290
48469	15.52455815830
48481	29.53447369430
48239	25.74615685840
48469	12.71190436170
48469	24.86696082010
48057	23.64328481920
48469	8.03402481263
48469	11.17174313980
48391	19.26611896330
48391	4.39284736817
48171	6.64520000000
48259	30.34127320910
48029	26.14656494890
48265	19.75457725870
48259	2.19612868475
48029	20.24342424210
48013	15.92497481600
48029	51.79049363840
48493	24.78667232200
48123	28.29442273890
48255	33.43761809620
48061	5.47506383890
48061	18.11294481470
48215	3.79234731664
48215	33.03187273080
48061	10.34258718280
48061	4.92222959339
48215	8.95698172042
48061	39.00117580850
48355	40.34225041730
48061	84.85246419680
48029	4.42999379796
48325	37.63692269350
48463	38.46515231430
48507	31.81129368100
48127	15.65910913030
48463	10.61003074520
48409	10.41266006990
48355	19.71763828170
48409	7.30927019533
48409	10.64653209140
48391	13.10710787260
48409	7.91750841174
48469	6.70094629287
48175	30.35164140120
48025	33.58526800180
48409	15.19298608950
48255	10.11943439560
48025	19.89877586590
48025	4.95065947223
48409	34.95768258970
48013	37.08569884820
48283	10.40830401690
48311	36.35762515930
48131	3.79620774590
48409	0.59715393325
48355	51.43760012930
48013	16.04545901520
48029	4.21764922676
48325	12.87261064680
48013	3.58963183210
48507	26.68193544550
48163	47.23154648570
48013	9.01555083088
48163	44.94590964760
48283	0.98955157521
48311	1.00380673651
48355	35.60437883190
48215	5.39570748373
48479	22.00643044650
48511	39.73194859660
48131	55.98021209820
48355	14.08840974740
48479	7.54955804284
48479	23.79967833100
48163	4.02935480815
48127	27.37083904390
48283	47.30623742950
48283	7.39990400005
48479	12.50286363680
48511	24.33835765270
35007	11.21579645770
40999	39.42862442490
48504	93.18416014280
48504	42.16616237250
35047	6.29566151012
48504	159.15597259400
35047	8.67686184764
40999	12.51829399900
48504	129.87079884600
48504	31.43296434260
48504	117.67709621900
48197	18.74038235510
40999	14.37543067780
48504	91.18691890250
40999	37.41214493500
48504	12.02796947870
48504	87.22462504760
48504	83.49645883910
35027	5.72943903100
35061	1.43859879397
48504	85.62983998350
35027	6.79714139473
48504	30.11134361070
48504	30.09510546450
48504	65.07760572510
48504	48.89267378930
48207	16.20230353840
48253	2.33234814725
48504	106.44516524300
48271	27.93067071470
48463	8.92079395192
48323	23.39519971030
48030	3.95654731433
48399	13.03935582240
48095	16.90950557960
48504	9.04683409652
48030	79.86785394180
48030	41.60220554200
48030	129.62849655900
48377	45.83427957560
48030	17.79178939080
48377	24.05358429010
48271	59.27572010610
48377	56.52267620260
48377	139.07155227300
48504	58.00841428960
48504	50.66659183830
48030	75.57541836380
35013	25.97461227810
48030	113.67646227600
48141	56.82401213170
48141	133.66446917500
35013	33.15244524860
48141	78.04032399740
35013	35.68305548000
48141	7.71873153719
48141	52.34020222480
48377	85.90487268150
35027	19.85105943370
48504	40.77414434570
48504	21.34851336090
48504	51.14108211070
19081	20.13601159410
19069	8.87946527232
48363	8.92682021476
31999	18.23581437840
31139	0.59594612173
31179	19.80809200220
31119	2.85502255683
8035	26.83661927490
8041	40.65177170600
27153	14.01982419730
27097	23.07003839470
8065	13.23394407450
49051	12.56352216580
49039	0.61690116713
8071	3.30378029687
27133	19.79329662300
27105	28.08770692500
19083	3.12351730746
19127	26.90049581950
19169	19.87476614400
48113	8.43935823795
27079	38.20767433080
27161	0.40104904937
48029	6.08609916860
48013	5.75752428479
48453	8.70805073205
19161	9.53239285181
19047	0.34659580205
17161	29.24355765960
19163	9.96905575643
19135	6.34512060248
8041	11.67963754950
8101	17.87014180060
20133	23.04000841250
20099	5.97844078753
20077	13.77348090500
40999	11.56205304230
20173	17.27909906600
20121	0.40254596011
20009	17.27263935900
20159	21.77468445700
20155	13.48284251320
31021	27.68301437260
31177	10.19172502460
27037	8.40454397871
27163	2.64063135713
27037	21.25893769700
55093	3.21451350129
27049	8.22561147454
27061	8.94470090053
27137	34.23112260260
27021	2.48141179717
27017	4.68771729795
27137	11.06493377890
48201	9.27538804132
48157	15.89246989110
27061	33.62490002130
27053	6.36939710756
27163	8.63508465709
27053	5.71423914674
27123	14.82450220960
27139	13.71270430060
19017	3.29599038439
19013	9.54599061134
19169	5.87693853124
19097	3.83451423293
19045	22.25901824090
19097	1.67833161205
19045	38.23386422190
17195	0.20305479556
19099	6.46408004907
19123	19.92175392290
31999	21.20067421500
31121	5.78115820638
31079	24.22268385920
19085	8.34074596777
19155	3.44216235091
19193	1.05672203062
31043	8.88676842577
20073	20.65087180070
20209	15.93359553860
20099	18.83692096220
20037	13.61783604130
20021	7.64012550700
8041	1.62901680777
8043	18.50094104540
8013	1.73200873266
8059	2.94810743150
8123	0.56508323281
8013	12.69246474880
8059	0.02948982876
8069	7.26663869110
8123	2.81284452511
48339	27.27231103060
48201	21.77204661020
48201	19.09842555160
48201	23.43352212100
48167	19.60874521290
31111	11.26034551520
31111	11.26034551520
31099	1.39186459830
31099	1.39186459830
31075	3.81629835967
31075	3.81629835967
31001	2.23938478382
31001	2.23938478382
31001	0.47886774792
31001	0.47886774792
31035	12.29089957790
31035	12.29089957790
20157	2.44252947782
20157	2.44252947782
31095	2.17250000000
31095	2.17250000000
31059	4.84442802093
31059	4.84442802093
31185	4.57391811580
31185	4.57391811580
31185	2.97871202919
31185	2.97871202919
31067	4.83961291757
31067	4.83961291757
19071	1.42009487711
19071	1.42009487711
31131	0.70889779235
31131	0.70889779235
19129	3.24559498551
19129	3.24559498551
31025	0.67671330710
31025	0.67671330710
31153	0.69898333314
31153	0.69898333314
31025	3.11572150553
31025	3.11572150553
19155	2.76151526702
19155	2.76151526702
31023	1.63301510097
31023	1.63301510097
20029	3.03738486366
20029	3.03738486366
20027	2.89906158782
20027	2.89906158782
20027	5.27238141539
20027	5.27238141539
20117	8.11001264919
20117	8.11001264919
20005	3.70581166953
20005	3.70581166953
20177	3.07333380224
20177	3.07333380224
20209	3.34556632051
20209	3.34556632051
20091	8.27589337707
20091	8.27589337707
20209	3.02732959719
20209	3.02732959719
20091	0.05729650949
20091	0.05729650949
20059	4.76846642538
20059	4.76846642538
20107	1.11826231270
20107	1.11826231270
20003	6.59836908508
20003	6.59836908508
20099	1.55829099336
20099	1.55829099336
20205	4.26831071620
20205	4.26831071620
20205	2.05419638058
20205	2.05419638058
20205	2.90513697612
20205	2.90513697612
20015	14.38803894090
20015	14.38803894090
20015	19.95752435630
20015	19.95752435630
20169	13.72466682250
20169	13.72466682250
20159	12.95028747950
20159	12.95028747950
20145	24.10708527380
20145	24.10708527380
20173	3.94470467462
20173	3.94470467462
20155	14.18276635390
20155	14.18276635390
20077	7.36364078925
20077	7.36364078925
27133	10.19226753380
27133	10.19226753380
19119	5.56328659071
19119	5.56328659071
27133	12.35799535400
27133	12.35799535400
57019	1.65844876014
57019	1.65844876014
19041	1.83299539007
19041	1.83299539007
19021	3.11757055716
19021	3.11757055716
19029	1.87568447506
19029	1.87568447506
19125	4.40021739918
19125	4.40021739918
19179	4.34970324735
19179	4.34970324735
19107	0.45272236525
19107	0.45272236525
19111	3.64894292912
19111	3.64894292912
17067	0.00764002618
17067	0.00764002618
19057	0.29925591055
19057	0.29925591055
19111	6.98071905096
19111	6.98071905096
19115	3.62295671669
19115	3.62295671669
19033	7.58486866135
19033	7.58486866135
27099	10.42141336380
27099	10.42141336380
19139	6.16863417010
19139	6.16863417010
19095	3.78754513419
19095	3.78754513419
27037	1.56960719290
27037	1.56960719290
27131	4.25028688208
27131	4.25028688208
27037	17.12874355390
27037	17.12874355390
27037	10.38033498210
27037	10.38033498210
27053	3.55727752221
27053	3.55727752221
27119	19.32880338250
27119	19.32880338250
27007	1.78629366567
27007	1.78629366567
27021	3.07923406710
27021	3.07923406710
27137	1.57014333741
27137	1.57014333741
27137	6.24464513303
27137	6.24464513303
27137	13.69096499100
27137	13.69096499100
27137	3.12116726646
27137	3.12116726646
8059	2.76275885665
8059	2.76275885665
8005	0.67080000000
8005	0.67080000000
8059	7.56994747023
8059	7.56994747023
8005	6.58515940050
8005	6.58515940050
8041	4.04391470731
8041	4.04391470731
8041	14.22151221090
8041	14.22151221090
8041	3.59559651796
8041	3.59559651796
8055	6.03125431813
8055	6.03125431813
8011	11.39249713240
8011	11.39249713240
8071	2.49601622791
8071	2.49601622791
8117	2.99746674711
8117	2.99746674711
8065	13.31789845490
8065	13.31789845490
48085	1.37399521469
48085	1.37399521469
48113	8.69978022711
48113	8.69978022711
48113	20.36904161790
48113	20.36904161790
48113	6.77386113601
48113	6.77386113601
48139	5.53747244598
48139	5.53747244598
48113	13.02380600350
48113	13.02380600350
48499	10.84519566120
48499	10.84519566120
48419	1.98569673415
48419	1.98569673415
48347	5.83957509756
48347	5.83957509756
48139	13.98501401170
48139	13.98501401170
48337	7.30555818333
48337	7.30555818333
48497	19.77874838300
48497	19.77874838300
48253	7.33828177845
48253	7.33828177845
48221	3.02507037274
48221	3.02507037274
48439	14.28713016180
48439	14.28713016180
48251	14.33178287300
48251	14.33178287300
48217	12.70472959180
48217	12.70472959180
48395	7.72622307276
48395	7.72622307276
48395	5.75878000014
48395	5.75878000014
48289	3.09206965316
48289	3.09206965316
48289	3.23936000006
48289	3.23936000006
48241	5.40321515581
48241	5.40321515581
48373	6.96438910243
48373	6.96438910243
48185	23.05329632920
48185	23.05329632920
48185	8.52613251422
48185	8.52613251422
48051	17.94502070350
48051	17.94502070350
48051	2.98514878189
48051	2.98514878189
48477	12.03945391830
48477	12.03945391830
48477	31.08660628340
48477	31.08660628340
48149	4.91764109711
48149	4.91764109711
48015	31.69253776790
48015	31.69253776790
48201	30.05527278070
48201	30.05527278070
48157	1.72864000012
48157	1.72864000012
48157	5.68085640375
48157	5.68085640375
48015	11.38116163570
48015	11.38116163570
48089	8.55622897426
48089	8.55622897426
48391	5.51855469938
48391	5.51855469938
48029	9.63656132515
48029	9.63656132515
48355	0.38722086721
48355	0.38722086721
20169	2.84494288168
20169	2.84494288168
20169	2.84494288168
27013	4.13830000000
27013	4.13830000000
27013	4.13830000000
27037	1.95080861440
27037	1.95080861440
27037	1.95080861440
27053	0.37595352106
27053	0.37595352106
27053	0.37595352106
8005	4.03525537358
8005	4.03525537358
8005	4.03525537358
