Id	ID_1	new_area
1	57017	0.78108954514
1	19119	179.85773902700
1	19167	54.43388063580
1	19119	54.63248219930
1	19167	544.62315260300
1	57025	6.44020134852
1	19035	41.42483448490
1	19149	892.82403166200
1	19193	666.63967675400
1	31043	5.68899712298
1	19133	181.93131652100
1	19085	0.78232481899
1	19093	6.07399074676
1	19193	103.87647497400
1	19133	40.29013298890
1	19093	0.70317784577
1	19193	0.44422886713
1	19093	1.00935693949
1	19059	31.31657513740
1	19143	165.78068683400
1	19119	21.29936387890
1	19059	3.20636429852
1	19059	0.64693093002
1	19041	1.13118482099
1	19059	2.79571447615
1	19041	1.42419242489
1	19063	1.49749902618
1	19059	22.71700944360
1	19059	20.03984073350
1	19109	4.20462907579
1	19063	104.83160364900
1	19147	1.14695046470
1	19063	1.18565360068
1	19063	0.67569506099
1	19063	0.34422201416
1	19109	12.53963233160
1	19109	2.33558444541
1	19109	199.18633103600
1	19147	139.32972314500
1	19091	113.99723216800
1	19151	0.78934106695
1	19109	42.48051130040
1	19063	130.12815001500
1	19059	166.10469116900
1	19147	371.21524547400
1	19041	262.59811905100
1	19151	65.88494025860
1	19021	4.35641626010
1	19147	1.94957148945
1	19059	10.91384073200
1	19143	147.08703599500
1	19119	117.38288001900
1	19041	274.89646912200
1	19141	616.15359166700
1	19167	146.86027392000
1	19021	6.40357436207
1	19035	330.25267959900
1	19149	9.97011020245
1	19093	3.89019043390
1	19193	2.64701691827
1	19093	0.93680018117
1	19133	194.28743479700
1	19047	267.08081440600
1	19085	334.36052525200
1	19155	2.01307453167
1	19035	1.92362572409
1	19093	220.80747091300
1	19193	22.63076130690
1	19047	49.12265434260
1	19161	1.33349733890
1	19047	12.47903655310
1	19093	0.01683942914
1	19047	2.62940279669
1	19047	97.84353174250
1	19085	156.64469733100
1	19165	251.17103506500
1	19155	300.33996360600
1	19129	128.25526407200
1	19041	2.45008469672
1	19021	288.42216039600
1	19035	167.08969745700
1	19093	230.97179393600
1	19161	149.99785348200
1	19047	24.23861004310
1	19041	4.68018992374
1	19021	150.81353511600
1	19161	139.34443023100
1	19047	19.33575298250
1	19151	55.18096027520
1	19021	91.28148803860
1	19161	38.34379112280
1	19047	0.34503780985
1	19021	21.88799742530
1	19161	42.28655114420
1	19091	37.32723800760
1	19151	130.23706154800
1	19187	145.34110951100
1	19025	5.27527190336
1	19187	256.74168338000
1	19161	45.05077276680
1	19025	437.85354502900
1	19015	270.12113851400
1	19073	284.02211614300
1	19153	73.61146334950
1	19049	149.51853061600
1	19151	259.07409267500
1	19021	14.71530260390
1	19187	1.00654781978
1	19161	11.66978045390
1	19025	127.71912161900
1	19027	42.20484447270
1	19047	132.18265619000
1	19165	114.76186606700
1	19155	99.36625848110
1	19129	41.11277343810
1	19161	125.36722561000
1	19025	0.00230475239
1	19073	165.39753778700
1	19027	375.21729134200
1	19047	9.80878370660
1	19049	172.65779574100
1	19077	95.17407336570
1	19129	44.96089646400
1	19071	130.30011154600
1	29005	8.94856175884
1	19099	62.95724730000
1	19153	0.01148398370
1	19107	2.92605480809
1	19123	96.47914797940
1	19125	62.72802392520
1	19087	0.02745064429
1	19101	221.58402821600
1	19179	22.02051023370
1	19123	1.09228533073
1	19087	0.76470082677
1	19101	30.83538113860
1	19179	67.97037595270
1	19177	68.11880015100
1	19111	270.84308161600
1	17067	2.98574195507
1	19195	177.67003515200
1	19189	247.61709629500
1	19109	474.37402788000
1	19063	13.57772059120
1	19033	34.65251437810
1	19081	486.97484463900
1	19197	42.39387396150
1	19091	138.02622857800
1	19187	123.61084008900
1	19079	89.02965114360
1	19079	152.25353431400
1	19169	229.78514729200
1	19015	172.25265252800
1	19099	24.19645952430
1	19153	211.81380785800
1	19081	2.81872480119
1	19197	0.79990839208
1	19095	5.66848849414
1	19157	151.79078537200
1	19183	299.00325441100
1	19107	308.86455097700
1	19123	28.43470746640
1	19115	104.16988635400
1	19087	122.43373124600
1	19057	322.06345189700
1	17071	5.75397532799
1	19103	192.92936481600
1	19095	211.48775392100
1	19157	24.75789203750
1	19183	59.70658259670
1	19171	5.44806154275
1	19127	93.50461752250
1	19095	7.64530622197
1	19157	314.88259311200
1	19099	111.50010502100
1	19081	13.56358592050
1	19069	2.90244173632
1	19197	386.77696094900
1	19083	389.94125264200
1	19079	231.77640726600
1	19127	282.55978988800
1	19169	326.14609158700
1	19157	2.29647148695
1	19099	337.81846123500
1	19153	16.90397431840
1	19107	0.23448901643
1	19123	114.82332217700
1	19125	0.87387940056
1	19045	16.99186188310
1	19031	225.79853018800
1	17161	13.46312513360
1	19163	231.04828233500
1	19139	103.84939680400
1	19115	2.61128637118
1	17131	1.37969086751
1	19097	8.86853441136
1	17015	3.22830433537
1	19045	419.19554560900
1	17195	9.06389732189
1	19163	2.60866850331
1	19005	25.22885659370
1	19005	30.19336738660
1	19037	4.89801012039
1	19017	129.77554926200
1	19019	124.42991447700
1	19013	133.37123741700
1	19105	41.40246451940
1	19113	222.52748257500
1	19011	27.38458356110
1	19031	29.55001234950
1	19089	105.78897818600
1	19131	4.60416175187
1	19037	181.66895931200
1	19043	79.09766488190
1	19065	411.67073136300
1	19017	42.02443349850
1	19061	302.03363453100
1	19055	441.78286846100
1	19019	294.97039752800
1	19097	36.03714919970
1	19105	222.81064037200
1	19113	61.51342556110
1	19045	4.84954765585
1	19191	194.15084942200
1	19089	179.62131188500
1	19037	21.52011330180
1	19065	38.24537427200
1	19191	123.03399087700
1	19005	48.77157221220
1	19043	201.06057287900
1	19065	13.14679716440
1	19131	76.04280469160
1	19195	68.07035263930
1	19033	2.23385753676
1	19037	2.89466063547
1	19067	224.86892810000
1	19017	44.29987050820
1	19023	47.38662373170
1	19189	2.20095217781
1	19189	1.41410930240
1	19195	4.11737839063
1	19189	0.13359493609
1	19033	0.05850003234
1	19033	0.45709050583
1	19089	4.10287508833
1	19131	200.26947673600
1	19037	48.58694425130
1	19067	58.30449634870
1	19033	330.14232991900
1	19081	24.10247487210
1	19067	46.07323372910
1	19017	0.60220740251
1	19023	216.54503798100
1	19069	36.77082277290
1	19013	7.45002651676
1	19031	68.02865678450
1	19103	49.35577453820
1	19139	141.22066216700
1	19095	1.93213226546
1	19183	0.17830202512
1	19095	0.31887332907
1	19183	0.21439893100
1	19107	0.73642360199
1	19033	51.38337287370
1	19081	19.67935618720
1	19023	116.15573358200
1	19069	484.17109701300
1	19197	0.64848328260
1	19013	190.47660862600
1	19075	469.81193983600
1	19083	69.65464907630
1	19113	88.44206032090
1	19011	506.90139950500
1	19171	498.06849205200
1	19127	82.85015768140
1	19103	96.45484919820
1	19095	58.36530151040
1	27045	135.29306677400
1	19191	138.44378166000
1	19005	0.54730861314
1	19089	0.00933440218
1	19027	73.33202404890
1	19009	322.52488128200
1	19165	139.04550312600
1	19155	221.51817410500
1	19029	259.23894020800
1	19129	76.17389878950
1	19137	315.30237126400
1	19071	192.65420610300
1	19145	208.44058927300
1	29005	236.87934906200
1	19027	15.46483365590
1	19077	131.26841663000
1	19009	161.25458299500
1	19001	77.07485221840
1	19029	361.21062891100
1	19003	73.90169190490
1	19137	118.13211193600
1	19145	138.17166365200
1	29005	78.98820128950
1	29147	71.14467325840
1	29087	97.42603720210
1	19049	19.61583921180
1	19077	281.30364015000
1	19181	57.55742622120
1	19121	282.91681285700
1	19001	431.32916251800
1	19121	61.09797424330
1	19001	106.72655638100
1	19039	0.06952788871
1	19175	377.02441548600
1	19003	248.58045224300
1	19053	125.02600176500
1	19159	336.40999593300
1	19173	356.63799174400
1	19145	0.77066769891
1	29081	284.34870225400
1	29147	365.99132573600
1	29227	123.43274025900
1	29075	29.27893470820
1	29079	14.63531132820
1	29061	26.80591560210
1	29003	40.51640042790
1	29117	0.75429246102
1	19123	14.25936965160
1	19125	72.67922506670
1	19181	213.17661819000
1	19121	86.37853727570
1	19179	111.52800319600
1	19135	346.78567791100
1	19117	299.34169715000
1	19039	358.13596373500
1	19175	2.95706880113
1	19177	49.11120875730
1	19051	333.02667892100
1	19007	201.69942123700
1	19185	343.94161551100
1	19053	146.58170229500
1	29045	87.28946875030
1	29199	218.29924684200
1	29197	190.62971321800
1	29171	210.47804769900
1	29129	117.82226195300
1	29211	168.10736559300
1	29001	17.32979436930
1	29079	107.47714466400
1	29115	77.67186900360
1	29117	3.09274055865
1	19177	14.06627141920
1	29045	14.68831558960
1	31122	8.23994988491
1	31094	615.25106171100
1	8123	555.50368693000
1	31094	190.77476406600
1	8005	722.00484867300
1	8123	50.79125079260
1	8123	56.21101573360
1	31111	2.25899213987
1	31061	78.05433408020
1	31181	71.47667252580
1	31129	15.10405787610
1	20147	267.58875720300
1	20183	769.26294526900
1	20089	1023.50923363000
1	20157	227.20144216800
1	20201	3.93205649022
1	20029	558.91737651700
1	20141	0.02140406323
1	20123	93.28541952530
1	20027	468.54357537800
1	20143	221.77695471200
1	20041	226.54259869300
1	31001	576.27921799500
1	31099	162.00003587300
1	31035	43.12710360590
1	31061	137.11686988900
1	31181	431.35399953600
1	31129	478.87003112800
1	31095	471.50775606900
1	20157	462.19750103400
1	20201	766.89018015000
1	20117	60.95975925870
1	20029	4.80921579116
1	20027	120.69658008900
1	20161	315.17646994200
1	31122	100.71963513700
1	31084	65.76795779870
1	31047	10.55711548010
1	31094	63.93563202820
1	31075	1089.53905237000
1	31111	709.98937971000
1	31099	362.78341168000
1	31061	304.01066289400
1	8127	208.14262497300
1	20147	70.80371997760
1	20183	78.06719845680
1	20163	116.15075743600
1	20141	147.39659491200
1	20123	1.19611016134
1	57999	570.65737839200
1	57023	889.63471005500
1	57007	30.90138949210
1	31999	1718.24418604000
1	31089	46.47466565850
1	20999	260.00873442700
1	8071	456.24874086800
1	40999	16.19579561040
1	20999	279.05781215000
1	8011	380.44380236700
1	20057	139.81242343100
1	20999	1365.82973161000
1	31025	431.63475803800
1	31159	0.01670022496
1	31109	507.66760413100
1	31131	441.28324726200
1	31151	26.41558986410
1	31127	190.68260642800
1	31067	536.08097942000
1	31097	280.94156110300
1	31147	217.80534148900
1	31133	324.09066839300
1	20043	247.15145603400
1	20013	507.74538632700
1	20117	578.56100964700
1	20131	767.75976757800
1	20005	399.30767238100
1	20085	516.55540788400
1	20161	1.82629983229
1	20149	540.32767383100
1	20103	203.40789846200
1	20087	338.77458158700
1	20177	24.21941486040
1	20209	15.69703741950
1	31023	561.54594623100
1	31155	552.04190425100
1	31143	281.88437251000
1	31081	366.24513976000
1	31185	576.08408737200
1	31159	430.46328237800
1	31109	194.70576117300
1	31001	15.81115178640
1	31035	532.26246431000
1	31059	644.81481678000
1	31151	458.73474094200
1	31067	184.04067175300
1	31129	3.49316925337
1	31095	518.25962393900
1	20201	131.95823624700
1	20117	73.72230998900
1	57023	6.30071333316
1	31089	0.76780534180
1	31999	9.35500153268
1	31089	10.12724782870
1	31999	13557.33698440000
1	31089	1815.58852600000
1	31168	1170.63173108000
1	31122	3573.79969839000
1	31084	1529.62907037000
1	31119	473.58763502800
1	31167	304.65646073200
1	31039	145.32935319300
1	31141	343.59113103200
1	31037	246.87925244300
1	31053	67.32202089590
1	31047	2594.70036226000
1	31209	299.78863487500
1	31121	585.53699251800
1	31079	673.87168179800
1	31143	43.54335593200
1	31081	12.85650915360
1	31019	576.72746032700
1	31075	10.04686097320
1	31999	350.81971878600
1	57027	2.60741477908
1	57009	10.27407786520
1	31089	275.32310979900
1	31107	797.12786714400
1	31027	765.60209116800
1	31051	427.31546989200
1	31043	139.35146958800
1	31139	581.08039228400
1	31179	451.76712218600
1	31207	74.74183293790
1	31008	314.59712572900
1	31119	34.40351064610
1	31167	63.93904755350
1	31039	238.46445753200
1	31021	356.84833576000
1	31053	52.22775469140
1	31177	266.90732017700
1	31055	198.65823929700
1	31153	119.62328879800
1	27069	2756.85943126000
1	27119	2977.34789172000
1	27007	39.46270994490
1	27119	79.67025818070
1	27027	542.49698854000
1	27005	154.67449804000
1	27027	335.92305105500
1	27005	100.15179466900
1	27111	306.21098251800
1	27167	918.38506736000
1	27153	1.05634922016
1	27051	599.73945124400
1	27041	547.93407486600
1	27155	875.00063478100
1	27145	289.95823600000
1	27149	610.51412362600
1	27121	772.56464284100
1	57011	31.22990090810
1	27023	1132.35340484000
1	27096	156.11149717400
1	27011	243.94599555500
1	27093	7.92179343236
1	27067	349.76371558000
1	27085	24.90901994940
1	27129	1006.67334574000
1	27143	384.50402709300
1	27015	61.07540554910
1	27103	215.52127241500
1	27013	20.99233038880
1	27127	206.15540979800
1	27037	276.18479695200
1	27139	3.37340650656
1	27049	388.84345561200
1	27131	187.73830346800
1	27157	7.18484400607
1	27013	158.55026111500
1	27039	307.32017849000
1	27147	333.94586970100
1	27161	101.50263523600
1	27099	513.93615254700
1	27047	770.11934318200
1	27043	574.88238625900
1	19131	103.40032683200
1	19195	105.31279062900
1	19189	126.42856787700
1	19109	31.63543668350
1	27169	129.45522561500
1	27109	0.35222553613
1	27045	253.93203369900
1	27045	58.18121459110
1	27099	26.28827346060
1	19089	23.10344973920
1	19131	5.03672867694
1	27049	1.80506648027
1	27157	101.04211291300
1	27109	4.47374959908
1	27109	153.10527629300
1	27039	25.81555020970
1	27099	0.00019990299
1	27157	42.68721844550
1	27169	9.46655010071
1	27109	248.87270566900
1	27045	224.81007101900
1	27099	167.65383841000
1	57011	1123.81287547000
1	57005	629.82847759900
1	27015	252.20830710700
1	27013	158.08127447300
1	27133	909.98722441300
1	27101	612.90073772000
1	27033	684.64138284800
1	27165	363.49127749100
1	57019	433.80632460800
1	27043	64.27316340650
1	27091	789.07993696400
1	27063	518.33840653400
1	27105	699.08837500400
1	19109	66.52112356130
1	19063	76.41249878110
1	19059	107.53076441800
1	19143	119.92042529200
1	19119	108.42345774100
1	27127	3119.78685457000
1	48131	201.50842256700
1	48355	13.03475524350
1	48505	2.69043281982
1	48427	753.55865590300
1	48215	627.39242432600
1	48061	1232.44571754000
1	20999	60.83016869380
1	20029	48.02641210760
1	20163	338.02915127700
1	20141	639.37654333500
1	20123	496.16651695300
1	20143	258.00059454100
1	20105	312.06515537500
1	20051	3.86698652615
1	20167	148.98321915700
1	20143	22.77998264730
1	20105	293.28350618000
1	20051	465.29918359700
1	20167	334.83399578500
1	20169	449.32181491900
1	20053	172.09177125900
1	20113	1.47873514047
1	20165	338.85073800900
1	20009	177.12928204500
1	20145	77.21598005740
1	20185	24.45273307130
1	20083	27.06913620280
1	20145	341.56507586900
1	20057	84.51008601590
1	20097	27.49622456260
1	48504	4914.10811415000
1	35027	312.77961992300
1	35013	1564.27995649000
1	48030	2100.90269721000
1	35061	266.61392991900
1	35007	88.75872026410
1	40999	69.57709036220
1	48504	908.34091064700
1	35033	465.59682981200
1	35047	250.22997297300
1	40999	3173.91292226000
1	48504	603.17147879500
1	48485	30.23596733630
1	48077	125.74723051300
1	40999	45.60125233050
1	48485	4.40802867868
1	48077	719.43259345700
1	48337	832.27063241200
1	48097	192.99281043600
1	48009	251.38001532900
1	48237	0.05610783559
1	48497	0.99890269071
1	48503	26.28870698440
1	48181	0.03861938722
1	48097	130.68199844000
1	48121	208.51166862300
1	48367	11.19187900760
1	48439	771.30528972800
1	48251	495.85095051900
1	48139	0.34634937947
1	48217	156.97012642500
1	40999	74.05566603830
1	48387	230.17804551900
1	48181	852.08066514800
1	48277	825.36605822400
1	48147	921.10366540700
1	48121	251.26559360900
1	48223	7.77686032916
1	48231	768.66865468800
1	48085	997.08351612600
1	48439	14.61167279140
1	48113	850.65131168800
1	48257	702.57409825300
1	48467	13.22411586190
1	48139	964.68985778700
1	48213	3.47514863644
1	48349	696.76584485500
1	48217	458.24863872800
1	48309	444.17209550700
1	48293	392.03979660200
1	48145	716.16536264200
1	48395	5.20041826853
1	48027	362.54304928900
1	48331	591.84196257100
1	48491	305.46853200200
1	48051	64.57827671880
1	48453	155.32218507300
1	48021	284.75959954000
1	48055	7.13265056297
1	48177	388.78795139400
1	48285	2.98106582305
1	48123	4.10583266332
1	48255	59.38478714310
1	48477	159.88855543200
1	48149	637.01398130600
1	48177	122.08669815900
1	48285	6.48694987613
1	48057	6.89629915649
1	48391	12.35613797780
1	48409	7.26689628298
1	48469	6.38251991278
1	48391	252.34817752500
1	48321	51.56731563820
1	48057	2.46068269870
1	48469	58.12663385780
1	48175	1.33785991885
1	48391	0.06073527259
1	48469	23.54593724550
1	48285	57.44472950820
1	48123	44.26601712000
1	48239	84.95960670110
1	48469	593.66068359000
1	48057	286.91902505800
1	48391	6.00546643718
1	48285	10.77351202320
1	48285	131.56874477300
1	48481	0.60943371906
1	48239	88.35750277640
1	48089	50.87429290060
1	48285	1.12221769832
1	48481	575.17265785300
1	48239	572.96507591600
1	48321	215.83630887800
1	48089	178.72064751300
1	48481	433.08345988400
1	48039	3.90408544632
1	48321	607.84775854100
1	48185	7.34490490252
1	48339	2.89633893461
1	48477	0.61734515724
1	48015	399.07910896400
1	48201	849.15802387200
1	48071	1.26312275701
1	48157	317.51582218200
1	48039	870.75597991700
1	48167	178.79582602000
1	48291	11.13012009940
1	48201	121.46952338700
1	48071	55.38869093530
1	48015	24.00489031750
1	48157	493.72135706900
1	48481	5.14265417750
1	48039	43.42721262180
1	48199	15.15375005670
1	48291	149.57185390000
1	48361	2.92104604232
1	48245	731.66438246200
1	48071	593.34306149200
1	48167	52.42875538740
1	48361	101.37181785500
1	20051	33.63482267370
1	20167	152.44627378400
1	20041	376.29358516200
1	20169	91.98825174830
1	20053	449.90548959900
1	20165	314.65797978400
1	20009	542.51016890100
1	20113	781.85460152700
1	20115	685.76489185300
1	20159	552.72912744900
1	20155	19.45229662360
1	20173	468.95145670900
1	20015	463.48496805800
1	20035	18.83003664530
1	20009	82.74395310140
1	20159	117.16419836100
1	20145	230.73132936600
1	20185	925.93478491400
1	20155	1560.84941940000
1	20173	760.39102565300
1	20015	0.79514719774
1	20057	28.58887163900
1	20097	937.08934050600
1	20151	1015.14997974000
1	20077	1062.24927271000
1	20191	944.13557979200
1	20035	124.25936521800
1	20025	126.79099523500
1	20033	708.47439875700
1	20007	719.23966098800
1	40999	1807.48186894000
1	20025	45.45515996200
1	20033	41.90578380750
1	40999	618.31725015300
1	20161	10.83436121060
1	20149	1.66105259555
1	29095	362.59076281100
1	20177	279.91974220100
1	20209	0.11841213587
1	20197	772.89680570500
1	20061	362.44590578200
1	20041	93.01842293260
1	20045	317.51871824000
1	20091	475.13520416300
1	29101	21.54989095270
1	20139	442.30414206700
1	20127	715.01922498100
1	29037	602.18172197400
1	20121	430.03898380400
1	20059	144.93883141800
1	20111	329.80863527400
1	20115	161.44023983900
1	29083	19.69762388920
1	20017	172.72753109300
1	29013	108.43094825100
1	20107	34.14907590040
1	20139	180.08082605200
1	20121	48.30856613650
1	20059	318.81686061900
1	20111	44.80321943160
1	29013	192.22551923300
1	20031	342.54532744300
1	20107	526.62227383200
1	20003	593.45477024500
1	29217	254.13698076800
1	20011	597.89681520500
1	20001	430.03692521400
1	20133	147.47331742500
1	20037	641.56228116400
1	29011	365.68890252900
1	29097	46.39213671230
1	20021	527.50009613500
1	40999	57.15499258470
1	20111	278.95278568600
1	20115	39.06406945130
1	20017	329.15031684100
1	20031	227.84238956700
1	20073	83.21443142970
1	20015	282.74991654800
1	20207	483.35537625000
1	20001	29.77537505850
1	20133	314.84497522400
1	20205	249.96040235700
1	20125	156.00983387800
1	20099	637.66147557200
1	20021	7.18165154693
1	40999	851.23116194300
1	20017	55.19332117440
1	20073	1009.32928970000
1	20015	991.66548778000
1	20207	0.13391517953
1	20205	202.53264541500
1	20082	1100.93803232000
1	20035	737.75990079500
1	20125	363.68728375300
1	40999	1544.45190278000
2	40999	688.18840875800
2	48485	13.15675854130
2	48077	398.30024062000
2	48337	170.99594132800
2	48387	319.13651207900
2	48181	164.09250952900
2	48097	665.14017355300
2	48277	328.16255560800
2	48009	7.48426842836
2	48147	34.51329635690
2	48237	968.60824065000
2	48497	1017.08417615000
2	48503	126.15531568000
2	48121	590.58148190600
2	48223	772.87150568500
2	48231	280.30080512600
2	48363	58.05926059500
2	48367	623.96863736900
2	48439	242.64082038500
2	48113	149.14395776500
2	48499	309.59926496600
2	48257	323.67237351700
2	48467	938.76978528400
2	48423	118.54106393600
2	48251	20.69435346400
2	48139	55.47509057620
2	48213	890.78792974800
2	48349	516.35790583700
2	48217	24.59310411240
2	48001	591.99942912800
2	48161	954.82509378200
2	48293	627.07868606700
2	48289	1041.58242469000
2	48145	113.60173455300
2	48395	972.06771531100
2	48331	553.24478943600
2	48313	506.13590056300
2	48471	162.33945174100
2	48041	619.82064007300
2	48185	991.42475911600
2	48051	1068.45771486000
2	48339	210.01175589500
2	48021	737.67085254300
2	48477	782.41494304500
2	48209	94.66761922030
2	48015	690.22251429300
2	48201	2.83623222875
2	48149	500.72961078900
2	48055	537.94382492700
2	48091	156.41692222100
2	48089	727.01691413900
2	48187	832.13017476400
2	48177	728.65263608800
2	48029	68.54817256000
2	48157	2.89650345653
2	48285	843.89434454800
2	48481	30.12948214640
2	48493	408.82315408800
2	48123	941.24111156600
2	48239	11.31880075870
2	48255	122.47121705100
2	48469	62.00492799420
2	48175	270.39244491700
2	48471	31.43803022350
2	48373	13.28497216090
2	48339	145.74807909100
2	48291	16.17023133600
2	48201	225.61394973600
2	48001	0.17226029678
2	48289	141.81415674500
2	48225	49.38006923120
2	48455	37.93093743550
2	48313	28.74838573720
2	48471	103.03154958200
2	48373	76.60438737350
2	48291	179.54483815800
2	48071	27.14667351520
2	48241	45.24010251870
2	48457	116.46437197500
2	48373	41.68135922490
2	48199	211.96093347400
2	48361	52.89017275660
2	48245	3.22281641582
2	48203	51.69424735810
2	48401	3.47740715656
2	48365	193.10434794300
2	22031	9.35757987397
2	48419	119.58722388300
2	22085	88.22831605460
2	48403	70.02623873370
2	48351	306.69153882500
2	48361	64.02288891370
2	48469	16.08454067700
2	48175	18.01792377700
2	48391	0.09550427795
2	48123	1.08936837931
2	48469	87.18922341820
2	48057	1.20500727160
2	48391	8.86407508456
2	48469	0.73360979925
2	48175	1.10607762801
2	48285	50.46067037090
2	48239	186.13633311800
2	48321	4.13999848229
2	48469	3.27823681111
2	48057	0.12408807927
2	48481	119.89437490100
2	48321	110.23036223800
2	48015	11.42496695220
2	48157	226.21887983400
2	48481	78.79133638100
2	48039	463.73547731500
2	48167	57.80557288580
2	48321	17.41947618190
2	48321	9.34964435893
2	48481	53.34483870270
2	48321	109.46749919500
2	48177	0.51340493857
2	48285	1.66649864930
2	48503	101.14032938700
2	48363	829.41092777000
2	48417	10.04015274500
2	48367	79.80567900860
2	48429	828.66060597800
2	48059	36.56491435290
2	48221	605.31798100500
2	48133	1057.69014793000
2	48251	19.62284818590
2	48143	1216.96648222000
2	48030	206.16149932800
2	48093	1061.06458391000
2	48217	202.19326588200
2	48035	1153.91029790000
2	48083	26.65459373340
2	48049	1183.57705428000
2	48193	925.23040356900
2	48309	711.07877863400
2	48099	1230.31492422000
2	48281	1162.23958399000
2	48307	688.13629883300
2	48411	1313.51810998000
2	48145	54.81209883200
2	48027	899.23165875600
2	48327	65.66915434740
2	48053	1158.88408590000
2	48319	1011.12093980000
2	48299	1068.68420463000
2	48491	940.30151596100
2	48267	455.83751182000
2	48453	900.08591892800
2	48171	1207.81845572000
2	48031	846.41966477500
2	48209	682.50384496200
2	48137	394.53012329300
2	48265	487.85670519600
2	48259	655.98592698400
2	48055	0.03657203827
2	48091	414.35234836300
2	48019	880.89013703000
2	48029	301.59725319400
2	48271	402.81084950800
2	48325	240.83157339700
2	48463	630.53332261100
2	35013	29.35742233400
2	48141	160.93928950300
2	48141	250.94194395300
2	48141	157.29857088100
2	48141	100.05348498400
2	48141	71.90473291650
2	48377	147.71127317500
2	48377	480.42394831100
2	48377	291.23139147400
2	48377	86.11845919600
2	48377	200.44141061600
2	48141	210.25166878300
2	48377	3486.82214658000
2	35013	384.22816990200
2	48141	1836.54934076000
2	48377	390.53483738500
2	48504	1354.13615227000
2	48030	114.56882104800
2	40999	958.36824602200
2	48504	170.89960706400
2	48197	260.42820150700
2	48487	183.69280211000
2	48485	15.77745071970
2	48077	23.76901177070
2	57999	267.22852815900
2	27069	654.71498343600
2	57021	76.61835439150
2	27119	1203.59305190000
2	27027	302.24587056300
2	27005	43.08881460110
2	27167	123.67959147900
2	27155	88.90781432100
2	57011	30.74908908930
2	27045	111.48914212700
2	27099	46.68482397570
2	27169	4.98056355626
2	27109	72.90549343570
2	27045	57.78241692450
2	27049	53.63105372370
2	27157	17.39551307030
2	27109	231.94281192300
2	27039	165.84734489300
2	27099	0.47773607716
2	55093	8.23096992543
2	27049	339.80639068600
2	55091	36.63305196860
2	55121	275.50316077100
2	55011	363.08919415600
2	27157	450.31163219200
2	27169	562.44406601700
2	27109	0.13454922926
2	55063	199.64356122500
2	27055	633.24076430500
2	27045	139.04685558300
2	55123	58.77565390980
2	19191	41.88504565820
2	19005	197.25061560000
2	55023	0.03984908150
2	27155	1.28021814127
2	27149	18.48012093820
2	27121	27.53332446040
2	57011	147.78445804200
2	27023	313.39864662600
2	27011	0.00105944805
2	27015	224.33856745200
2	27013	231.75032033500
2	27033	89.94001502140
2	27165	118.97082641100
2	27043	182.76530766700
2	27091	28.09696091010
2	19109	48.76624054120
2	27127	735.80229774000
2	57005	103.39568899900
2	27133	127.58640796300
2	57019	184.77659455300
2	27105	31.33949476440
2	57023	59.09151511410
2	57007	456.28067885400
2	57017	124.94710783800
2	19119	142.41538680700
2	31999	788.32995284600
2	19167	100.56934540600
2	57001	163.27845125500
2	57027	56.91175122790
2	57009	106.03205774000
2	57025	203.11407619400
2	31089	614.36330618500
2	31107	472.75643996800
2	19149	53.65155522360
2	31027	59.47230420430
2	31051	129.90899250100
2	19093	3.33291417839
2	19193	164.72003549100
2	31043	145.79711759000
2	31207	21.47371076930
2	31008	65.54367245610
2	19027	17.45852821200
2	19133	337.02981609600
2	19047	144.00639001500
2	31021	97.11814601400
2	19009	11.50503502920
2	19085	277.71537953000
2	19165	123.94313753500
2	31177	148.32497121100
2	19155	403.27733450400
2	31055	87.14093218300
2	31153	51.11676078960
2	19129	188.35407306800
2	19137	0.43896058756
2	31025	96.63389412650
2	19071	213.37334818900
2	19145	72.91775502750
2	31131	245.94336507100
2	29005	301.40181509500
2	29147	10.87019757080
2	31127	277.58802037800
2	31097	117.00271724800
2	29087	280.30655415700
2	31147	421.98828157500
2	31133	125.22461472600
2	20043	101.01752182500
2	20013	62.08074498190
2	20131	7.77570505039
2	19059	57.23316867810
2	19059	0.05290479202
2	27101	167.46487617000
2	27033	31.21740675930
2	27063	299.82542194300
2	27105	52.85986963950
2	19063	31.14492282400
2	19059	11.23724738860
2	19041	85.65637253600
2	19141	11.81710212780
2	19021	78.32645334990
2	19035	88.37812057280
2	27119	469.09886628900
2	27007	38.80702193120
2	27005	627.03596813800
2	27111	1422.59691104000
2	27153	399.51013058100
2	27097	75.67665212990
2	27095	27.12505782660
2	27051	11.67683856340
2	27041	240.54307661900
2	27009	218.65183458800
2	27145	1178.68378355000
2	27059	235.82194796000
2	27025	186.34389118000
2	55095	36.37149795980
2	27141	484.75349098600
2	27003	505.99036114300
2	27171	800.33142473900
2	27023	20.11113981490
2	27096	336.74296391000
2	27093	695.54456968900
2	27163	426.99145397600
2	27053	664.03042689500
2	55109	194.18298370300
2	27123	188.67544417000
2	27067	113.70781266000
2	27019	411.66407988700
2	27085	521.62058957400
2	27037	370.84268816400
2	55093	166.65722811000
2	27129	68.79061572370
2	27139	403.00050569800
2	27049	77.37777514940
2	27143	445.78892364800
2	27131	381.70920975000
2	27079	516.14601309900
2	27103	91.36301587710
2	27013	283.55446382900
2	27147	141.88359790900
2	27161	381.23487402800
2	19191	51.69664005490
2	19005	240.10235632600
2	19089	56.56763792160
2	55023	290.65513303700
2	55043	266.14614269800
2	19037	116.21314402200
2	19043	588.24536550300
2	19065	341.64735585000
2	19061	357.76919431100
2	19055	187.12366138100
2	17085	131.07919141700
2	19097	645.42418995100
2	19105	210.12779081900
2	17015	40.87625597230
2	19045	81.79133184840
2	27109	0.37395616608
2	27169	0.65811152958
2	19005	0.38090875276
2	27045	0.34555592640
2	19191	220.29681168800
2	19005	183.53198667300
2	19089	102.62995288500
2	19043	11.98918994460
2	19001	13.73064975170
2	19003	134.97909893600
2	19137	23.54079353660
2	19173	67.87842428180
2	19145	119.64376663000
2	29147	219.50219618800
2	29087	120.93102513700
2	29003	78.17624274030
2	20043	8.74892064024
2	29147	1.35294480322
2	19137	1.10039511077
2	19137	0.00061537944
2	19145	0.64879812812
2	19121	4.00920952534
2	19039	54.80066575910
2	19175	102.26852659600
2	19053	220.68046958000
2	19159	234.53474675100
2	19173	117.64816930600
2	29129	82.94791952200
2	29081	551.73291046200
2	29147	288.50145839700
2	29227	186.29621152500
2	29075	190.16048061500
2	29079	170.64629257800
2	29061	198.58133987200
2	29003	243.55558492600
2	20043	103.41777057300
2	29117	117.80224438500
2	29021	93.72030901150
2	20005	48.14821978530
2	29165	109.03344976100
2	20103	62.57781737140
2	20209	12.84446372690
2	19185	58.23167787590
2	19053	52.06379957330
2	29129	175.54126884100
2	29079	106.94841902800
2	29117	0.37405040170
2	19185	14.77669478010
2	29171	56.15369179270
2	19007	0.24860830907
2	29171	73.00125094590
2	29211	5.00446855513
2	19135	43.01647911750
2	19117	94.90040042310
2	19051	10.20752493990
2	19007	357.30806253200
2	19185	143.89001079800
2	29197	131.33252118200
2	29171	218.44129243100
2	29001	18.62487306470
2	19177	24.65540069710
2	19111	1.68960247324
2	29045	194.34560795400
2	29199	6.31641749272
2	27091	0.85096264880
2	19109	191.08168515900
2	19063	70.01980802130
2	19147	103.21357644300
2	19197	116.39822700500
2	19091	211.83951281600
2	19151	164.06382652900
2	19187	270.38610136500
2	19079	159.92802179900
2	19161	96.04584986910
2	19025	58.31756764680
2	19015	193.73082144900
2	19073	180.33855562600
2	19027	107.60810473800
2	19099	8.81048048686
2	19153	280.70115171000
2	19049	309.92926871500
2	19077	157.48107632500
2	19123	113.17600014100
2	19125	477.37531898500
2	19181	373.71595208700
2	19121	169.20920033100
2	19101	6.83227328981
2	19179	217.90642889400
2	19135	110.46836496800
2	19117	81.07019004000
2	19039	59.57393942050
2	19177	337.33610829900
2	19051	200.51855397700
2	19111	127.19937210200
2	17067	56.69196189100
2	29045	19.75228922060
2	29199	0.00095723286
2	27047	19.05080055950
2	19195	100.35802134300
2	19189	66.97312763370
2	19033	220.95613872700
2	19081	76.29944815480
2	19067	123.78962749900
2	19017	39.70579977430
2	19023	258.04945887700
2	19069	124.39501415100
2	19197	99.34707800910
2	19019	5.81892379642
2	19013	255.60857751400
2	19075	89.36319443630
2	19083	190.23155202200
2	19079	0.01297403021
2	19113	282.72144600700
2	19011	244.70123326600
2	19171	305.28832729100
2	19127	179.50257456500
2	19169	83.23500040890
2	19031	232.69196274900
2	19103	362.10982266600
2	19095	349.22560387000
2	19157	160.96320177300
2	19099	273.68673443400
2	19153	63.29042347900
2	19139	209.78596785700
2	19183	265.92604811500
2	19107	348.34321992400
2	19123	260.03316636600
2	19125	37.49316008910
2	19115	337.98662149600
2	17131	123.65815997600
2	19087	357.68356379400
2	19101	230.39700789600
2	19179	73.87170095590
2	19057	135.86652045400
2	17071	262.35366535600
2	19177	44.50637801200
2	19111	168.24168990100
2	17067	204.12215035200
2	27099	30.16865842180
2	19089	46.62592383080
2	19131	126.34183722700
2	19037	191.99108987400
2	19067	116.96824690300
2	19065	14.79410995610
2	19017	223.08469496100
2	19055	0.07877872649
2	19019	216.13623338400
2	19013	37.59385050780
2	17085	0.10217004931
2	19097	0.86405929447
2	19105	164.36071469800
2	19113	144.41592894300
2	17015	74.43958521300
2	19045	208.69104709000
2	17195	110.99227347500
2	19031	103.73556970100
2	17161	408.17883790300
2	19163	285.15015692700
2	17073	108.16163674500
2	19139	29.50799313070
2	17131	18.14118173180
2	56021	4.99909112839
2	31999	1640.36134031000
2	31089	59.21550797960
2	31139	62.02553976090
2	31179	45.03116077920
2	31116	234.13760958700
2	31168	264.02242223300
2	31008	39.22380727580
2	31122	684.52430773200
2	31084	362.77131151400
2	31119	122.20781554000
2	31167	98.50024233180
2	31039	170.69245857900
2	31021	80.19798777030
2	31141	387.67586097500
2	31037	233.41634852700
2	31053	464.33737091100
2	31177	38.60680456360
2	31047	557.68947275800
2	31209	133.40223840900
2	31121	173.85707114600
2	31023	113.20213141100
2	31155	276.71809208900
2	31079	334.43839775300
2	31143	173.58577215500
2	31055	101.12948649600
2	31081	215.11518037300
2	31153	92.69942579250
2	31019	311.14486216200
2	31075	164.46315357500
2	31025	111.51490191400
2	31159	0.49916447549
2	31109	220.07672618500
2	31001	140.15707227200
2	31111	36.87108769490
2	31099	47.37396846170
2	31094	440.87924329400
2	31075	436.80712756600
2	31185	58.75589077430
2	31159	217.53378728300
2	31111	228.02049154700
2	31035	69.39332338910
2	31059	0.00000474942
2	31151	167.99337615400
2	31067	186.93985975700
2	31061	112.46482490500
2	31181	96.36796884130
2	31129	127.63960091300
2	31095	251.40342573500
2	20137	156.05367660400
2	20147	183.88977515100
2	20183	142.65480387900
2	20089	6.61104482902
2	20157	139.10096957000
2	20201	118.06883034400
2	20013	69.66152999080
2	20117	330.81981327900
2	20131	26.92892537710
2	20029	176.07697130700
2	20065	133.83016054200
2	20005	50.23204091010
2	20085	196.56493451300
2	20163	150.91878532500
2	20141	181.93266496800
2	20123	189.52678512200
2	20027	109.15622506000
2	20161	326.12833407800
2	20149	395.74718639600
2	29165	6.20952064905
2	29047	92.65270255730
2	20103	272.81662584700
2	20087	235.23097992500
2	20143	278.38501526100
2	20199	342.53693371600
2	20105	176.82295885800
2	20063	126.51998463400
2	29095	134.63582977100
2	20195	189.37568995500
2	20177	312.19114961300
2	20209	150.12754795300
2	20051	274.91826228100
2	20197	158.47611195000
2	20167	343.30001578800
2	20061	76.82830582900
2	20041	254.16628049500
2	20045	215.22072177100
2	20091	81.71569121990
2	20169	250.65275003100
2	20053	181.12160211200
2	20165	0.65275751357
2	20113	83.03413392490
2	20999	394.17370379400
2	20135	178.63873266700
2	20165	126.07334534900
2	20009	193.63620550600
2	8011	76.98138754220
2	20113	127.34637391700
2	20159	131.89508160900
2	20083	132.25167019400
2	20145	299.02822992400
2	20185	62.66768812370
2	20155	322.70935878700
2	20173	642.59204097300
2	20015	125.30703039000
2	20057	145.80808834100
2	20097	61.98838895920
2	20151	0.02694041780
2	20191	18.80841634220
2	20035	314.94532033900
2	40999	86.71663707040
2	20999	417.78863630000
2	20025	167.93651028000
2	20033	86.64060673670
2	40999	187.54798292200
2	20999	442.21260432400
2	20151	11.73778638290
2	20077	96.64615403280
2	20033	8.82524314076
2	20007	143.54828078200
2	40999	200.53752716700
2	20155	41.11919659720
2	20077	117.11713867300
2	20191	267.10528613700
2	40999	35.81259227380
2	20127	53.75174358320
2	20111	162.09809639200
2	20115	39.94134649570
2	20017	142.79412318800
2	20031	143.03798773300
2	20003	1.93329225629
2	20207	24.65139220410
2	20001	99.18104882910
2	20133	171.01109344700
2	20037	11.40577241870
2	20099	61.60330827990
2	20021	2.79995370216
2	20197	2.24163788696
2	20139	171.88900578900
2	20121	178.87641929300
2	20059	164.09095150800
2	20111	44.13504745400
2	29013	108.78588978600
2	20107	126.83821580200
2	20003	64.68994072660
2	29217	43.13280994490
2	20011	0.32094303445
2	29217	136.28428283200
2	20011	113.42033014500
2	29011	21.83933446910
2	20115	7.93123410757
2	31999	391.07705095000
3	56021	235.45032128600
3	31999	0.21568168520
3	31116	3338.04467868000
3	31168	1742.83025734000
3	31122	299.91037497700
3	8123	850.87746350300
3	31094	11.88281381240
3	31094	3157.41694159000
3	31075	1511.02583272000
3	31111	155.17190752800
3	20999	31.16629252530
3	31094	323.77426677500
3	31075	813.74620628200
3	31111	184.83471563400
3	8005	7.14532362419
3	20137	803.58603801900
3	20147	459.59014182500
3	8035	124.81731518900
3	20065	855.68110006900
3	20163	374.90765495900
3	8127	534.28680252000
3	20199	2325.10971231000
3	20063	665.21876774300
3	20195	831.56189207900
3	20051	249.78002708900
3	20135	818.44451228800
3	20165	187.26299495500
3	8011	345.80310149000
3	20083	867.55599649500
3	20145	51.09963350750
3	20057	30.63540936560
3	20999	12142.46501830000
3	20999	131.49935413200
3	8071	0.80231135685
3	40999	373.49998586700
3	20999	901.58585333700
3	8011	1476.62186258000
3	8071	2388.19867221000
3	35007	1.85938713217
3	40999	91.02862181940
3	20999	1592.82140414000
3	20057	568.85813246400
3	20025	499.20636595100
3	40999	4.21594053345
3	20999	2303.99210304000
3	57999	285.39895152200
3	56021	67.11953538510
3	31999	296.31463609500
3	57999	34.93785540090
3	31999	1038.89792483000
3	57999	83.04509205840
3	56021	1.92600708997
3	31999	5182.77129280000
3	31116	486.12357500900
3	31168	683.99327652300
3	31122	266.84773363900
3	31122	291.44716161200
3	31094	487.44198626300
2	20082	157.74004728400
2	20035	28.60281586000
2	20125	0.11239759534
2	40999	171.66012340500
2	20111	41.63448834290
2	20017	10.60779995460
2	20073	279.82558534200
2	20015	0.03054843821
2	20207	37.57597474190
2	20205	164.03819638000
2	20082	112.65980979900
2	20125	174.24649980300
2	40999	99.10179134840
3	48504	1306.19495538000
3	35027	2661.24641770000
3	35013	1780.04804041000
3	35061	522.09602635000
3	40999	2222.95853124000
3	48504	36515.75173290000
3	35047	2.22942114995
3	48197	220.50667602000
3	48030	57.44019859700
3	35061	27.40432029580
3	35001	8.28071091422
3	8065	0.83574139051
3	8093	274.94641428800
3	8109	610.76465489600
3	8021	335.51677714500
3	8023	619.49936471400
3	8011	599.79821892200
3	8071	710.96819549200
3	8043	301.33499747800
3	8101	1418.64546487000
3	8011	937.18913146700
3	8055	152.26266393900
3	8071	1437.65921498000
3	8041	1784.25050298000
3	8127	2907.94233436000
3	8101	690.69855912100
3	8011	2232.81293430000
3	56001	95.39641381650
3	56021	187.60183140100
3	8069	1181.27068626000
3	8123	5337.82281403000
3	31094	5.17705789934
3	8013	411.92878940900
3	8005	4626.37740573000
3	8059	392.96724204200
3	8035	5247.72340028000
3	8041	60.51405115640
3	8127	2257.51468388000
3	8011	129.80359850100
3	20999	25.86383120560
3	8123	962.68320242700
3	8005	20.23337216430
3	56021	246.31782086000
3	8123	39.87467577950
3	8123	3771.36978817000
3	31094	17.94426402170
3	8005	0.92187020745
4	48061	223.51230625600
4	48029	1033.16806898000
4	48271	499.50058621100
4	48325	1203.46927732000
4	48463	1121.94960541000
4	48493	477.32193100400
4	48123	10.48767370450
4	48013	1477.10895784000
4	48255	658.16399393700
4	48323	215.57339499100
4	48507	1440.78159726000
4	48163	1197.28774406000
4	48469	4.94006873004
4	48175	550.92259971200
4	48297	1220.76295464000
4	48127	1128.47934014000
4	48025	994.23384110200
4	48283	1644.63654775000
4	48311	1283.64693284000
4	48391	541.51382363300
4	48479	221.44649611300
4	48409	709.76805683300
4	48511	1198.50769651000
4	48131	1770.40891273000
4	48355	2632.90486735000
4	48427	0.62698645446
4	48215	22.05148192600
4	48061	171.28940197200
4	40999	197.27905135500
4	48504	7859.78914141000
4	48197	1702.09861563000
4	48487	933.45803530200
4	48485	666.46570008600
4	48077	3.16672699055
4	48275	1496.65346310000
4	48023	1022.31924908000
4	48009	769.94278489000
4	48207	1437.83742470000
4	48447	987.77011058300
4	48503	614.50395653600
4	48253	1204.27827555000
4	48417	1027.70532407000
4	48429	194.54354369900
4	48441	1224.88499068000
4	48059	938.52894732800
4	48133	0.00571613956
4	48030	18577.63985010000
4	48399	1159.61469584000
4	48083	1421.31745549000
4	48049	278.73164260800
4	48095	1147.85219359000
4	48307	555.90388280000
4	48327	1021.53906786000
4	48319	69.22194356810
4	48267	1072.78459958000
4	48171	18.84076812680
4	48137	743.71851195300
4	48265	811.67089046100
4	48019	184.57829686300
4	48271	175.05044232600
5	35013	728.26577882400
5	48030	4608.94809490000
5	48141	761.19284967800
5	48377	9021.61577891000
5	48271	616.41043181000
5	48323	693.77091600800
5	48127	319.06012898800
5	48479	807.03656122500
5	48511	943.94752310800
5	48131	116.40820375100
5	48505	927.20584954500
5	48427	1462.75510053000
5	48215	1043.93629687000
5	48061	1461.29923850000
5	48377	434.21540289000
5	35013	195.76967606600
5	48141	2031.38604445000
5	35013	36.12469411410
5	48141	961.24521614100
5	48377	2750.06983566000
5	48141	737.76531511900
5	48377	1969.18149869000
5	35013	34.06856152350
5	48141	1788.59703270000
5	48141	643.03757985200
6	8101	190.29704548700
6	8011	254.79029254700
3	8021	245.95057320900
3	8023	37.34138160360
3	35055	118.68442571600
2	48141	2.00664371090
7	35013	55.37999392150
7	48141	659.40045983800
7	35013	116.24574706800
7	48030	936.04521457600
7	48141	201.24808519200
7	48377	141.30130725300
7	8109	135.05932455100
7	8021	207.04344698800
7	8023	327.99370401000
7	48351	5.07456847523
7	48241	57.04645473050
7	48199	23.13286009260
7	48361	37.18683437040
7	48225	2.49781628866
7	48455	17.48727811990
7	48313	19.53922903110
7	48471	788.61032196900
7	48373	137.73963958000
7	48339	964.82318816600
7	48291	497.27808968700
7	48201	675.00859062300
7	40999	7.47108163895
7	48387	632.61155886400
7	5081	44.14249360270
7	48277	50.06144022320
7	48037	976.38884479600
7	48223	265.32690925700
7	48449	1079.87683324000
7	48067	989.09632766600
7	48459	1000.67110757000
7	22017	11.40217552730
7	48499	607.81175246900
7	48315	480.00837878600
7	48467	12.47641553310
7	48203	883.12681366600
7	48423	1023.28796962000
7	48401	1179.72146483000
7	48365	564.89266916700
7	48213	186.21326120900
7	22031	2.23668604519
7	48073	1176.52131413000
7	48001	581.40429238600
7	48419	147.25005301400
7	48347	738.33658664600
7	48289	40.59052951660
7	48225	1302.42756853000
7	48005	364.89340933400
7	48455	689.53951436800
7	48313	9.64894941955
7	48471	23.28678571610
7	48373	100.39911950500
7	48199	466.77038377100
7	48291	594.52706909700
7	48245	17.46685420050
6	48361	5.74433709366
6	48245	170.43979690100
6	22023	1.99332114141
8	48365	243.72361608400
8	48419	640.63679695700
8	48347	316.23722014500
8	48405	671.31882942600
8	48403	507.29867619700
8	48005	620.77041625100
8	48455	511.58508831700
8	48351	628.69812533900
8	48241	938.85569481400
8	48457	942.98679827400
8	48373	576.61119882000
8	48199	307.89285675200
8	48291	0.02735082194
8	48361	0.94189097925
9	35013	304.06531632300
9	48141	971.32895428000
9	48377	3922.42646180000
10	35013	55.51174967050
10	48141	57.34776738410
10	35013	4.70529481864
10	48141	7.10351409856
10	35013	98.68117083980
10	48141	87.60225353880
10	48237	49.01732585920
10	48503	97.31567892450
10	48363	211.04957187700
10	48367	281.82823548800
10	48221	53.37652191700
10	48251	222.58242842400
10	48217	263.45306936200
10	48035	0.59845869500
10	48309	3.85770306883
10	8011	4.37016492220
10	8071	323.61419258300
10	8011	19.80046388010
10	8071	419.67800797000
10	8041	104.67141633900
10	8043	753.38087030400
10	8101	380.21572244300
10	8055	433.37183322800
10	8071	1261.15406887000
10	35007	559.41852020000
10	40999	2.78819740371
10	8109	130.44684654300
10	8021	364.83306023300
10	8023	0.26520656785
10	35055	27.90867483010
10	8109	120.65883286100
10	8023	377.95107984400
10	8065	70.39575634140
10	8117	149.90082263400
10	49051	73.85265142600
10	49039	24.99035037000
10	49041	108.89494379400
10	8065	2512.39931468000
10	49031	32.89712665200
10	49021	95.39424007570
10	8021	555.96031054700
10	35055	179.77233445400
10	8117	1445.09561753000
10	49039	125.54700882600
10	8065	227.28909693500
10	49043	61.00868406100
10	8117	4.38219397212
10	49051	87.76788109990
10	8117	2407.04400787000
10	49051	6.58051894331
10	49039	115.01289937000
11	56037	444.00680117300
11	56007	38.73076398200
11	49043	59.97925455590
11	8117	4807.23086432000
11	49051	304.87342459100
11	49039	1.48466056076
11	8065	360.86947985200
11	49025	151.41139072400
11	8021	778.29375722100
11	4025	13.47768900950
11	35055	477.28485287600
11	8065	321.53726517600
11	49021	195.22032882600
11	49025	101.47253489800
11	8117	146.07639671500
11	49039	514.98942132500
11	49041	631.63150074000
11	8065	2079.28165267000
11	49031	285.69985596600
11	56007	88.03908744460
11	8117	463.84788445600
12	8065	168.20310409600
12	56007	4.72049577052
12	8117	22.03353439290
12	8069	158.28870321300
12	56007	96.50737670560
12	8117	962.00604714400
12	8117	301.73755750300
12	56007	100.45690644300
12	8117	1349.16308160000
12	8117	1130.66457967000
12	8065	1429.99434612000
13	57999	8.18889171771
13	56021	14.67012277880
13	31999	576.58844273500
13	8117	673.47875751300
13	49039	0.51196972222
13	8117	878.32595744600
13	8117	1738.27821209000
13	8035	33.40282663900
13	8041	102.22411249800
13	8059	33.54490222080
13	8035	141.08655768900
13	8041	312.65000127900
13	8043	253.67382890700
13	8101	1.49252065482
13	8059	201.72692104800
13	8065	713.78008737900
13	8093	1333.33936886000
13	8035	91.93013766500
13	8041	146.36142452400
13	8043	415.00281194800
13	8109	1.76427476435
13	8093	163.52125567300
13	56007	6.72614139301
13	56001	106.48204044400
13	8069	867.38845554300
13	8013	144.30489987700
13	8047	73.14868290250
13	8059	239.52859566800
13	8019	23.18024151910
13	8093	99.00626531010
13	49041	9.99631067054
13	8065	4785.18030297000
13	49021	0.08894838547
13	8021	1649.63123923000
13	35055	148.22490812100
13	8065	93.02586862750
13	8109	472.54152054800
13	8021	603.74382005000
13	35055	88.71461154220
13	49041	4.37498142017
13	8065	63.76410307240
13	8117	198.13048774600
13	8065	75.80020533320
13	8021	2.25144280897
13	8055	3.45354173801
13	8023	372.16354823600
13	35055	56.21229958620
13	8065	11.26732238080
13	8043	581.34685227200
13	8109	7.12731235973
13	8055	552.17618258800
13	8071	831.36137777200
13	35007	223.99978054100
13	49041	1.38280773488
13	8065	0.56336610775
13	8065	2.38150218813
13	8065	3.55944952228
14	8065	1.63888323388
14	8065	37.81223143310
14	8065	69.03350547300
14	8065	78.52954861410
14	8065	2.66318524222
14	8117	2.30467953987
14	8117	2.30467954454
14	8117	1.94617384390
14	8117	1.10112465744
14	8117	3.25201253751
14	8117	1.77089790805
14	8117	57.18772981540
14	8117	200.56223879500
14	56007	73.54941613340
14	8117	838.30202108000
14	8093	2.58840220087
14	8035	25.72120835850
14	8041	421.33215328100
14	8043	2.80757365088
14	8043	169.67582301400
14	8101	1.39223243108
14	8055	104.62796863600
14	8043	161.73271533500
14	8109	393.47470569500
14	8055	534.47127293200
14	8023	646.47629569300
14	8071	280.99196775400
14	35055	18.07423043960
14	35007	79.73816590220
14	56007	1.72128541576
14	8117	3593.60820981000
14	8069	682.36231760000
14	8013	252.68836226600
14	8047	86.37712796940
14	8019	437.17485102500
14	8065	8064.56635186000
14	8093	593.46588205500
14	8109	392.76736753500
14	8021	2580.94384507000
14	35055	34.72938219990
14	27137	949.75636465800
14	27017	2.41904388218
14	27069	717.75974418600
14	27061	3340.06507512000
14	27137	56.77679991330
14	27007	290.53961757000
15	27069	3004.23256058000
15	27061	3477.76159493000
15	27137	1041.02151275000
15	27119	73.27791873590
15	27007	2903.90164192000
15	27021	5614.15591783000
15	27005	656.93686152100
15	27159	578.73742430100
15	27017	430.33534059800
15	27111	475.39303615800
15	27035	488.53468654200
15	27001	383.92169783700
15	27153	196.99240604400
15	27097	129.64276804800
15	27137	5208.39324479000
15	27075	4011.62049463000
15	27017	33.17809292410
15	55031	131.85793377800
15	27115	288.67587653300
15	55013	272.48032306800
15	27137	49.86361187810
15	27017	0.23512522254
16	27137	28.70897116690
16	27017	461.64200425100
16	55031	115.65241481300
16	27111	0.02565761255
16	27035	216.95731845300
16	27001	749.22207575800
16	27115	1263.68607152000
16	27153	478.33287211500
16	27097	1035.66996771000
16	27095	728.28602938200
16	55013	391.41393210400
16	27065	595.34221321000
16	27009	234.55242893100
16	27145	74.34192140710
16	27059	274.48101022100
16	27025	257.09249246900
16	55095	306.09209664600
16	27141	6.61931583077
1	19119	3.67528716005
1	19119	3.67528716005
1	19119	0.90761663923
2	19119	0.90761663923
1	19167	0.06723086019
2	19167	0.06723086019
1	19119	1.23027498417
2	19119	1.23027498417
1	19167	1.78421072492
2	19167	1.78421072492
1	19149	1.83012041179
2	19149	1.83012041179
1	19193	1.57199749830
2	19193	1.57199749830
1	31043	0.59020724556
2	31043	0.59020724556
1	19133	2.31393688955
2	19133	2.31393688955
1	19093	0.32928421999
1	19093	0.32928421999
1	19093	0.20621894231
1	19093	0.20621894231
1	19093	1.07013271221
1	19093	1.07013271221
1	19193	0.82371319298
1	19193	0.82371319298
1	19093	0.28256901136
2	19093	0.28256901136
1	19193	1.36673715197
2	19193	1.36673715197
1	19133	0.21035789314
2	19133	0.21035789314
1	19093	0.12707897547
2	19093	0.12707897547
1	19193	0.25538993487
2	19193	0.25538993487
1	19119	0.15298756585
2	19119	0.15298756585
1	19059	0.14250440210
1	19059	0.14250440210
1	19143	1.26336397322
1	19143	1.26336397322
1	19119	1.00241797412
1	19119	1.00241797412
1	19059	0.06246992561
2	19059	0.06246992561
1	19059	1.22505949957
2	19059	1.22505949957
1	19059	0.13907960077
2	19059	0.13907960077
1	19059	0.59435665383
1	19059	0.59435665383
1	19063	0.28777398723
1	19063	0.28777398723
1	19059	0.07008784483
1	19059	0.07008784483
1	19059	0.24935472463
2	19059	0.24935472463
1	19059	0.41996585252
2	19059	0.41996585252
1	19063	0.72005009498
1	19063	0.72005009498
1	19109	0.00363499389
2	19109	0.00363499389
1	19063	0.83142210735
2	19063	0.83142210735
1	19109	0.30597512280
1	19109	0.30597512280
1	19147	0.17950540666
1	19147	0.17950540666
1	19147	9.92990321773
1	19147	9.92990321773
1	19147	1.39601151691
2	19147	1.39601151691
1	19091	0.11474747753
2	19091	0.11474747753
1	19041	0.53545646416
2	19041	0.53545646416
1	19147	0.18485996889
2	19147	0.18485996889
1	19147	0.22464616765
2	19147	0.22464616765
1	19041	1.43900023445
2	19041	1.43900023445
1	19021	0.85581319251
2	19021	0.85581319251
1	19035	0.58645232982
2	19035	0.58645232982
1	19093	0.02491474750
1	19093	0.02491474750
1	19047	0.01546283608
1	19047	0.01546283608
1	19093	0.38922030293
2	19093	0.38922030293
1	19093	0.02071828456
2	19093	0.02071828456
1	19133	0.13424200100
2	19133	0.13424200100
1	19047	0.98096069727
2	19047	0.98096069727
1	19085	2.67517599596
2	19085	2.67517599596
1	19193	0.00402468526
2	19193	0.00402468526
1	19047	0.01325700550
1	19047	0.01325700550
1	19047	0.32526890564
2	19047	0.32526890564
1	19093	0.00070642137
2	19093	0.00070642137
1	19047	0.00284158684
2	19047	0.00284158684
1	19047	0.02029065681
1	19047	0.02029065681
1	19047	1.52695683621
2	19047	1.52695683621
1	19085	0.37407492578
2	19085	0.37407492578
1	19165	0.02252664377
2	19165	0.02252664377
1	19155	3.05378120475
2	19155	3.05378120475
1	19129	1.02652088109
2	19129	1.02652088109
1	19035	0.59885945435
2	19035	0.59885945435
1	19161	0.00505012265
1	19161	0.00505012265
1	19151	0.37039059384
1	19151	0.37039059384
1	19021	0.61761557425
1	19021	0.61761557425
1	19161	0.23618753099
1	19161	0.23618753099
1	19161	5.31487258231
1	19161	5.31487258231
1	19047	0.71048214295
1	19047	0.71048214295
1	19161	0.11880362826
2	19161	0.11880362826
1	19151	0.68551740760
1	19151	0.68551740760
1	19187	0.01838148662
1	19187	0.01838148662
1	19025	0.25407710119
1	19025	0.25407710119
1	19091	0.08263143708
2	19091	0.08263143708
1	19151	0.42307210753
2	19151	0.42307210753
1	19187	0.95746559277
2	19187	0.95746559277
1	19025	0.10697444614
2	19025	0.10697444614
1	19187	0.51901152078
2	19187	0.51901152078
1	19161	0.26406652503
2	19161	0.26406652503
1	19025	0.00811963826
2	19025	0.00811963826
1	19015	0.26615976123
2	19015	0.26615976123
1	19073	0.21811615897
2	19073	0.21811615897
1	19027	1.77279448553
1	19027	1.77279448553
1	19047	2.22144260907
1	19047	2.22144260907
1	19165	0.38593165026
2	19165	0.38593165026
1	19155	0.19961982628
2	19155	0.19961982628
1	19129	0.21935575693
2	19129	0.21935575693
1	19047	0.12165296194
2	19047	0.12165296194
1	19073	0.39210089286
2	19073	0.39210089286
1	19027	0.02197676274
2	19027	0.02197676274
1	19049	0.34801453761
2	19049	0.34801453761
1	19077	0.05920075733
2	19077	0.05920075733
1	19071	3.02091322767
2	19071	3.02091322767
1	29005	0.31939171691
2	29005	0.31939171691
1	19099	0.17237365832
2	19099	0.17237365832
1	19125	0.18694201899
2	19125	0.18694201899
1	19099	0.05668218274
2	19099	0.05668218274
1	19123	0.39923963419
2	19123	0.39923963419
1	19125	0.11632165617
2	19125	0.11632165617
1	19101	0.75107037808
2	19101	0.75107037808
1	19179	0.24702871484
2	19179	0.24702871484
1	19101	0.13879237552
2	19101	0.13879237552
1	19177	0.80042578277
2	19177	0.80042578277
1	19111	0.05888092087
2	19111	0.05888092087
1	19101	0.06197723125
2	19101	0.06197723125
1	19179	0.00456271299
2	19179	0.00456271299
1	19111	0.62547542894
2	19111	0.62547542894
1	19081	0.07618175366
1	19081	0.07618175366
1	19195	0.02539391370
1	19195	0.02539391370
1	19195	2.01462956100
1	19195	2.01462956100
1	19189	0.75185311945
1	19189	0.75185311945
1	19109	0.54596923055
2	19109	0.54596923055
1	19109	0.64145899029
2	19109	0.64145899029
1	19063	0.35565004197
2	19063	0.35565004197
1	19197	0.61219132754
2	19197	0.61219132754
1	19091	0.30198968167
2	19091	0.30198968167
1	19187	0.03809085994
2	19187	0.03809085994
1	19033	0.77451446941
2	19033	0.77451446941
1	19081	0.45709051241
2	19081	0.45709051241
1	19153	0.26663613259
2	19153	0.26663613259
1	19153	0.30472700149
2	19153	0.30472700149
1	19099	0.58555146614
2	19099	0.58555146614
1	19157	3.60013480475
1	19157	3.60013480475
1	19157	0.01128618533
2	19157	0.01128618533
1	19183	0.35551483787
2	19183	0.35551483787
1	19107	0.20315133503
2	19107	0.20315133503
1	19123	0.10157567006
2	19123	0.10157567006
1	19115	0.21125698147
2	19115	0.21125698147
1	19087	1.54902893343
2	19087	1.54902893343
1	19057	0.04268219329
2	19057	0.04268219329
1	19095	1.57652061556
1	19095	1.57652061556
1	19103	0.23517099895
2	19103	0.23517099895
1	19095	0.50787834160
2	19095	0.50787834160
1	19183	0.43776779665
2	19183	0.43776779665
1	19127	0.00534608875
2	19127	0.00534608875
1	19157	0.45709050583
2	19157	0.45709050583
1	19099	0.10157567275
2	19099	0.10157567275
1	19197	0.02539391579
2	19197	0.02539391579
1	19079	0.05078783249
2	19079	0.05078783249
1	19197	0.27933308719
2	19197	0.27933308719
1	19127	0.17613294151
2	19127	0.17613294151
1	19169	0.22854525321
2	19169	0.22854525321
1	19099	0.34281788087
2	19099	0.34281788087
1	19107	0.05959583714
2	19107	0.05959583714
1	19123	0.30861595723
2	19123	0.30861595723
1	19031	0.10157566796
2	19031	0.10157566796
1	19139	0.31128035644
2	19139	0.31128035644
1	19115	0.20203952527
2	19115	0.20203952527
1	19031	0.16506046044
2	19031	0.16506046044
1	19163	1.63482959194
2	19163	1.63482959194
1	19097	0.64404797518
2	19097	0.64404797518
1	19045	0.53676915954
2	19045	0.53676915954
1	17015	0.22131432794
2	17015	0.22131432794
1	19045	1.42812003507
2	19045	1.42812003507
1	17195	0.88235360898
2	17195	0.88235360898
1	19005	0.40630267304
2	19005	0.40630267304
1	19005	0.13966654345
2	19005	0.13966654345
1	19005	1.01490329730
2	19005	1.01490329730
1	19005	0.72929601661
2	19005	0.72929601661
1	19005	0.64754488505
2	19005	0.64754488505
1	19013	0.07618175097
2	19013	0.07618175097
1	19113	0.50787834699
2	19113	0.50787834699
1	19011	0.30472700478
2	19011	0.30472700478
1	19037	0.69972827554
2	19037	0.69972827554
1	19017	2.68854348135
2	19017	2.68854348135
1	19013	0.37002796963
2	19013	0.37002796963
1	19105	0.14093623960
2	19105	0.14093623960
1	19113	0.55866617559
2	19113	0.55866617559
1	19089	0.26169753993
1	19089	0.26169753993
1	19131	0.03879816035
1	19131	0.03879816035
1	19043	1.61469995063
2	19043	1.61469995063
1	19065	0.39141949670
2	19065	0.39141949670
1	19061	0.91418101256
2	19061	0.91418101256
1	19055	0.22854525830
2	19055	0.22854525830
1	19097	0.26663613109
2	19097	0.26663613109
1	19105	0.34281788206
2	19105	0.34281788206
1	19089	0.42933001862
2	19089	0.42933001862
1	19089	0.02823682228
2	19089	0.02823682228
1	19131	0.15760047999
2	19131	0.15760047999
1	19019	0.30472699910
2	19019	0.30472699910
1	19097	0.11920703086
2	19097	0.11920703086
1	19045	0.27439868443
2	19045	0.27439868443
1	19191	0.01476662156
2	19191	0.01476662156
1	19089	0.16506046283
2	19089	0.16506046283
1	19065	0.92480829397
2	19065	0.92480829397
1	19191	0.19045437593
2	19191	0.19045437593
1	19043	1.18081715740
2	19043	1.18081715740
1	19191	1.24484821473
2	19191	1.24484821473
1	19005	0.05024155761
2	19005	0.05024155761
1	19195	0.90658719635
2	19195	0.90658719635
1	19033	0.01908604033
2	19033	0.01908604033
1	19067	0.60598197768
2	19067	0.60598197768
1	19017	0.22903255349
2	19017	0.22903255349
1	19023	0.70302416636
2	19023	0.70302416636
1	19131	0.40695733351
2	19131	0.40695733351
1	19037	0.33925895846
2	19037	0.33925895846
1	19067	0.43840076492
2	19067	0.43840076492
1	19017	0.18970872408
2	19017	0.18970872408
1	19189	0.59439562549
2	19189	0.59439562549
1	19033	0.23158549967
2	19033	0.23158549967
1	19131	1.25590005063
2	19131	1.25590005063
1	19037	1.16424881749
2	19037	1.16424881749
1	19067	0.49146568196
2	19067	0.49146568196
1	19033	0.43846634816
2	19033	0.43846634816
1	19081	0.00528421602
2	19081	0.00528421602
1	19067	0.58212441168
2	19067	0.58212441168
1	19023	0.99941480229
2	19023	0.99941480229
1	19069	0.04771511715
2	19069	0.04771511715
1	19013	0.02862906875
2	19013	0.02862906875
1	19031	0.60789057748
2	19031	0.60789057748
1	19103	0.42982482530
2	19103	0.42982482530
1	19139	0.49623720928
2	19139	0.49623720928
1	19095	0.48749614924
2	19095	0.48749614924
1	19183	0.04093914825
2	19183	0.04093914825
1	19069	0.05147420523
2	19069	0.05147420523
1	19013	0.13726454079
2	19013	0.13726454079
1	19083	0.06863227248
2	19083	0.06863227248
1	19113	0.66916462556
2	19113	0.66916462556
1	19011	0.30884521886
2	19011	0.30884521886
1	19127	0.73779691368
2	19127	0.73779691368
1	19103	0.85759587244
2	19103	0.85759587244
1	27045	7.25185916851
1	27045	7.25185916851
1	27045	0.62756471535
2	27045	0.62756471535
1	19191	0.52732870117
2	19191	0.52732870117
1	19191	1.18582075566
2	19191	1.18582075566
1	19089	0.00370007759
2	19089	0.00370007759
1	19165	0.78739565754
2	19165	0.78739565754
1	19155	1.26634819203
2	19155	1.26634819203
1	19129	0.07991757686
2	19129	0.07991757686
1	19137	0.00032418840
2	19137	0.00032418840
1	19071	0.10234355606
2	19071	0.10234355606
1	29005	0.47362355624
2	29005	0.47362355624
1	19145	0.50509939380
2	19145	0.50509939380
1	29087	0.74081243612
2	29087	0.74081243612
1	19001	0.44575899019
2	19001	0.44575899019
1	19003	0.00522261005
2	19003	0.00522261005
1	19137	0.01590245036
2	19137	0.01590245036
1	19145	0.72370737991
2	19145	0.72370737991
1	29087	0.25254970849
2	29087	0.25254970849
1	19077	0.01803926189
2	19077	0.01803926189
1	19077	0.50509939380
2	19077	0.50509939380
1	29147	1.46118042123
2	29147	1.46118042123
1	29003	0.68549204298
2	29003	0.68549204298
1	19053	0.89700234249
2	19053	0.89700234249
1	19159	2.05647611717
2	19159	2.05647611717
1	19173	0.13736818767
2	19173	0.13736818767
1	29081	2.13287924787
2	29081	2.13287924787
1	29147	1.35208075498
2	29147	1.35208075498
1	29227	0.48627999865
2	29227	0.48627999865
1	29075	0.25254970457
2	29075	0.25254970457
1	29061	0.71900545286
2	29061	0.71900545286
1	19039	0.00529120038
2	19039	0.00529120038
1	19175	0.15706217442
2	19175	0.15706217442
1	19053	2.16471169598
2	19053	2.16471169598
1	19185	0.72157056675
2	19185	0.72157056675
1	29129	1.29882699492
2	29129	1.29882699492
1	29171	0.19843190197
2	29171	0.19843190197
1	29171	0.30666748470
2	29171	0.30666748470
1	19007	0.19843190981
2	19007	0.19843190981
1	29197	0.54925648327
2	29197	0.54925648327
1	29001	0.22643188538
2	29001	0.22643188538
1	19125	0.30666749611
2	19125	0.30666749611
1	19181	0.84432256709
2	19181	0.84432256709
1	19121	0.09371917978
2	19121	0.09371917978
1	19135	0.14431411364
2	19135	0.14431411364
1	19117	0.36078528266
2	19117	0.36078528266
1	19177	0.39293104258
2	19177	0.39293104258
1	19051	0.18432540592
2	19051	0.18432540592
1	19177	0.15186410841
2	19177	0.15186410841
1	29045	0.29911749213
2	29045	0.29911749213
1	31094	1.00448529541
3	31094	1.00448529541
1	31122	0.09678129537
3	31122	0.09678129537
1	31094	0.85730047167
3	31094	0.85730047167
1	31094	2.57928572090
3	31094	2.57928572090
1	8005	1.04477397093
3	8005	1.04477397093
1	8005	0.14650275850
3	8005	0.14650275850
1	8123	0.48541143926
3	8123	0.48541143926
1	8005	0.02609247826
3	8005	0.02609247826
1	8123	0.88152802567
3	8123	0.88152802567
1	8123	0.09794755952
3	8123	0.09794755952
1	8123	1.13183845850
3	8123	1.13183845850
1	8123	0.43532247991
3	8123	0.43532247991
1	31111	0.52054402329
2	31111	0.52054402329
1	31061	1.13342524599
2	31061	1.13342524599
1	31181	2.06402846939
2	31181	2.06402846939
1	31129	0.71801529662
2	31129	0.71801529662
1	20147	3.59309546143
2	20147	3.59309546143
1	20183	2.08048530321
2	20183	2.08048530321
1	20089	0.01444198319
2	20089	0.01444198319
1	20157	2.42140846913
2	20157	2.42140846913
1	20201	0.33012806023
2	20201	0.33012806023
1	20029	3.10195860529
2	20029	3.10195860529
1	20141	0.00529190279
2	20141	0.00529190279
1	20123	3.42028589970
2	20123	3.42028589970
1	20027	5.52115479280
2	20027	5.52115479280
1	20143	1.60442598720
2	20143	1.60442598720
1	20041	1.45112776241
2	20041	1.45112776241
1	20147	0.36922185230
3	20147	0.36922185230
1	31001	0.43791429891
2	31001	0.43791429891
1	31035	1.09630610383
2	31035	1.09630610383
1	31061	0.57893561079
2	31061	0.57893561079
1	31181	0.93593448747
2	31181	0.93593448747
1	31129	2.44663804503
2	31129	2.44663804503
1	31095	2.41754690845
2	31095	2.41754690845
1	20157	2.34969013715
2	20157	2.34969013715
1	20201	1.94230312390
2	20201	1.94230312390
1	20117	0.73884556750
2	20117	0.73884556750
1	20029	2.06247803484
2	20029	2.06247803484
1	20027	1.31359625130
2	20027	1.31359625130
1	20161	3.28215201359
2	20161	3.28215201359
1	31122	0.28335630972
2	31122	0.28335630972
1	31084	0.89795736164
2	31084	0.89795736164
1	31047	0.40619537010
2	31047	0.40619537010
1	31075	1.66523218504
2	31075	1.66523218504
1	31111	0.38400981721
2	31111	0.38400981721
1	31099	0.29247952597
2	31099	0.29247952597
1	31111	1.58851265711
2	31111	1.58851265711
1	31061	1.91288262615
2	31061	1.91288262615
1	31075	2.43113917380
3	31075	2.43113917380
1	31111	1.19749938627
3	31111	1.19749938627
1	31122	0.58766964032
3	31122	0.58766964032
1	31094	1.24505046635
3	31094	1.24505046635
1	8127	1.48270444738
3	8127	1.48270444738
1	8127	1.34233170352
3	8127	1.34233170352
1	20147	1.43116093388
2	20147	1.43116093388
1	20183	1.77030481239
2	20183	1.77030481239
1	20163	1.72795301277
2	20163	1.72795301277
1	20141	1.68986547485
2	20141	1.68986547485
1	20123	0.12761080090
2	20123	0.12761080090
1	20147	0.32188750171
3	20147	0.32188750171
1	20163	0.11858501634
3	20163	0.11858501634
1	57023	0.54740930678
1	57023	0.54740930678
1	31999	1.26127856823
1	31999	1.26127856823
1	31089	0.86843116144
1	31089	0.86843116144
1	31999	0.52134218683
2	31999	0.52134218683
1	20999	0.65695034866
1	20999	0.65695034866
1	20999	0.06288755509
1	20999	0.06288755509
1	20999	1.86579217259
2	20999	1.86579217259
1	20999	0.85235096695
1	20999	0.85235096695
1	8071	0.03874321794
3	8071	0.03874321794
1	40999	1.00732385854
3	40999	1.00732385854
1	20999	0.30994580721
3	20999	0.30994580721
1	8011	0.88347800397
2	8011	0.88347800397
1	20057	2.82825546244
2	20057	2.82825546244
1	20999	3.91306578036
2	20999	3.91306578036
1	20999	0.51657634465
2	20999	0.51657634465
1	8011	0.92983740961
3	8011	0.92983740961
1	20057	0.23245935932
3	20057	0.23245935932
1	20999	0.29057419589
3	20999	0.29057419589
1	8011	0.11622967574
3	8011	0.11622967574
1	31131	0.19371613617
2	31131	0.19371613617
1	31147	0.07748644841
2	31147	0.07748644841
1	31025	0.11622967470
2	31025	0.11622967470
1	31109	0.77486452742
2	31109	0.77486452742
1	31067	1.85967483594
2	31067	1.85967483594
1	20117	0.69737805603
2	20117	0.69737805603
1	20131	0.46491870611
2	20131	0.46491870611
1	20149	1.54972902768
2	20149	1.54972902768
1	20103	1.31726967724
2	20103	1.31726967724
1	20087	1.62929559021
2	20087	1.62929559021
1	20177	0.81152763071
2	20177	0.81152763071
1	31023	0.02027357014
2	31023	0.02027357014
1	31155	0.56087482468
2	31155	0.56087482468
1	31185	0.14448636745
2	31185	0.14448636745
1	31159	2.04557027201
2	31159	2.04557027201
1	31035	0.30994580199
2	31035	0.30994580199
1	31151	1.00732385750
2	31151	1.00732385750
1	31129	0.03031843847
2	31129	0.03031843847
1	31095	1.28695123074
2	31095	1.28695123074
1	20201	1.24800563598
2	20201	1.24800563598
1	20117	0.14675047866
2	20117	0.14675047866
1	57023	0.10470355667
2	57023	0.10470355667
1	31089	0.22759264037
2	31089	0.22759264037
1	31999	5.97261233726
2	31999	5.97261233726
1	31089	0.06592834424
1	31089	0.06592834424
1	31999	2.32459355929
2	31999	2.32459355929
1	31999	2.58325767018
2	31999	2.58325767018
1	31084	0.70692552777
2	31084	0.70692552777
1	31039	0.69737806282
2	31039	0.69737806282
1	31141	1.23797347382
2	31141	1.23797347382
1	31037	0.23245935619
2	31037	0.23245935619
1	31047	0.40774095657
2	31047	0.40774095657
1	31209	1.66485670411
2	31209	1.66485670411
1	31121	0.69848006779
2	31121	0.69848006779
1	31019	1.25999706527
2	31019	1.25999706527
1	31999	3.06071482229
3	31999	3.06071482229
1	57027	0.00353027817
2	57027	0.00353027817
1	31089	0.63593050853
2	31089	0.63593050853
1	31027	0.07408249630
2	31027	0.07408249630
1	31021	1.06070803017
2	31021	1.06070803017
1	31999	0.46567669484
2	31999	0.46567669484
1	31119	0.05671888216
2	31119	0.05671888216
1	31167	0.87463450115
2	31167	0.87463450115
1	31053	0.05174187054
2	31053	0.05174187054
1	27069	1.51776232399
2	27069	1.51776232399
1	27119	3.40037133332
2	27119	3.40037133332
1	27069	1.72207647558
15	27069	1.72207647558
1	27119	1.00697692901
15	27119	1.00697692901
1	27119	1.14658815383
2	27119	1.14658815383
1	27027	2.43321313777
2	27027	2.43321313777
1	27005	0.41260508638
2	27005	0.41260508638
1	27005	0.36271650376
2	27005	0.36271650376
1	27023	0.08531074822
2	27023	0.08531074822
1	27015	0.01286545030
2	27015	0.01286545030
1	27127	2.26615047599
2	27127	2.26615047599
1	27005	1.71895546657
2	27005	1.71895546657
1	27111	0.01163411109
2	27111	0.01163411109
1	27096	0.21315609411
2	27096	0.21315609411
1	27067	0.34745744227
2	27067	0.34745744227
1	27085	0.12373184111
2	27085	0.12373184111
1	27143	0.31500918256
2	27143	0.31500918256
1	27103	0.48749001351
2	27103	0.48749001351
1	27039	0.04874900639
2	27039	0.04874900639
1	27049	0.38999202065
2	27049	0.38999202065
1	27037	1.09685255779
2	27037	1.09685255779
1	27147	0.44565318290
2	27147	0.44565318290
1	27161	0.67029878008
2	27161	0.67029878008
1	27099	0.31686850682
2	27099	0.31686850682
1	19131	0.38405744683
2	19131	0.38405744683
1	27169	0.16689509613
2	27169	0.16689509613
1	27109	0.04788823181
2	27109	0.04788823181
1	27157	0.27580477614
2	27157	0.27580477614
1	27109	0.02887648394
2	27109	0.02887648394
1	27049	0.28575798247
2	27049	0.28575798247
1	27157	0.07985954084
2	27157	0.07985954084
1	27109	0.37780476986
2	27109	0.37780476986
1	27045	0.59803252487
2	27045	0.59803252487
1	27099	0.09664074676
2	27099	0.09664074676
1	27109	0.28489394993
2	27109	0.28489394993
1	27109	1.16997606782
2	27109	1.16997606782
1	27157	0.33270979164
2	27157	0.33270979164
1	27109	0.00853321739
2	27109	0.00853321739
1	27109	0.31301990888
2	27109	0.31301990888
1	27169	0.26811950922
2	27169	0.26811950922
1	57011	0.18399381249
2	57011	0.18399381249
1	27015	0.75310064299
2	27015	0.75310064299
1	27013	0.27599074546
2	27013	0.27599074546
1	27033	0.59618739783
2	27033	0.59618739783
1	27127	1.22662551079
2	27127	1.22662551079
1	27133	0.18827336768
2	27133	0.18827336768
1	57019	0.60372973266
2	57019	0.60372973266
1	27105	0.07804614182
2	27105	0.07804614182
1	19119	0.25953939764
2	19119	0.25953939764
1	19059	0.50828847084
2	19059	0.50828847084
1	27063	0.12266255312
2	27063	0.12266255312
1	19063	0.08349096496
2	19063	0.08349096496
1	48061	0.03157398561
4	48061	0.03157398561
1	20999	0.69167677756
3	20999	0.69167677756
1	20999	0.90977305439
3	20999	0.90977305439
1	20141	1.17152133594
2	20141	1.17152133594
1	20123	0.00490320011
2	20123	0.00490320011
1	20143	5.77870070772
2	20143	5.77870070772
1	20105	1.16349678481
2	20105	1.16349678481
1	20167	0.98250839647
2	20167	0.98250839647
1	20105	1.16349678662
2	20105	1.16349678662
1	20051	2.27953113834
2	20051	2.27953113834
1	20167	0.74556051242
2	20167	0.74556051242
1	20169	0.91850687176
2	20169	0.91850687176
1	20113	1.06202320956
2	20113	1.06202320956
1	20051	0.15513289408
3	20051	0.15513289408
1	20165	0.44558459027
2	20165	0.44558459027
1	20009	0.09007488872
2	20009	0.09007488872
1	20145	2.27270969296
2	20145	2.27270969296
1	20185	1.34143604568
2	20185	1.34143604568
1	20145	2.13307744441
2	20145	2.13307744441
1	20057	1.07300259502
2	20057	1.07300259502
1	48504	0.94269459295
3	48504	0.94269459295
1	35027	1.75536234568
3	35027	1.75536234568
1	35061	0.35757382109
3	35061	0.35757382109
1	48504	2.93187386390
3	48504	2.93187386390
1	48030	0.92017127928
3	48030	0.92017127928
1	35013	1.26776171379
5	35013	1.26776171379
1	48030	4.66471290879
5	48030	4.66471290879
1	40999	1.65578962860
2	40999	1.65578962860
1	48504	1.01187142631
3	48504	1.01187142631
1	48077	1.26682435104
2	48077	1.26682435104
1	48485	1.30479448606
4	48485	1.30479448606
1	48077	0.10472351901
4	48077	0.10472351901
1	40999	0.26428757068
2	40999	0.26428757068
1	48337	0.63427388218
2	48337	0.63427388218
1	48485	0.41846465673
4	48485	0.41846465673
1	48009	3.72072303187
4	48009	3.72072303187
1	48503	0.01816465102
4	48503	0.01816465102
1	48251	0.18454983344
10	48251	0.18454983344
1	48257	0.22284641621
2	48257	0.22284641621
1	48139	0.05028732680
2	48139	0.05028732680
1	48309	1.03347903020
2	48309	1.03347903020
1	48177	0.11340538767
2	48177	0.11340538767
1	48123	0.68043233706
2	48123	0.68043233706
1	48149	0.41581976235
2	48149	0.41581976235
1	48469	0.56702695088
2	48469	0.56702695088
1	48469	1.46625150447
2	48469	1.46625150447
1	48469	0.12600599034
2	48469	0.12600599034
1	48285	0.72271742904
2	48285	0.72271742904
1	48123	0.23492807243
2	48123	0.23492807243
1	48469	0.30241437259
2	48469	0.30241437259
1	48239	0.83163951993
2	48239	0.83163951993
1	48285	0.35281677730
2	48285	0.35281677730
1	48239	0.90724312343
2	48239	0.90724312343
1	48089	0.10803077618
2	48089	0.10803077618
1	48481	0.26998720117
2	48481	0.26998720117
1	48481	0.70563353942
2	48481	0.70563353942
1	48321	0.50402394290
2	48321	0.50402394290
1	48321	3.08714672642
2	48321	3.08714672642
1	48477	0.06460574101
2	48477	0.06460574101
1	48015	0.43941821299
2	48015	0.43941821299
1	48201	0.16380778107
2	48201	0.16380778107
1	48199	1.05952180608
2	48199	1.05952180608
1	48245	0.01152908893
2	48245	0.01152908893
1	48361	0.17541238275
6	48361	0.17541238275
1	48245	0.22823991484
6	48245	0.22823991484
1	20053	0.31650064859
2	20053	0.31650064859
1	20173	5.00743170847
2	20173	5.00743170847
1	20035	11.89685117940
2	20035	11.89685117940
1	20115	4.77218323823
2	20115	4.77218323823
1	20159	1.00680273656
2	20159	1.00680273656
1	20145	1.63641099801
2	20145	1.63641099801
1	20185	1.72428144762
2	20185	1.72428144762
1	20155	0.67354347179
2	20155	0.67354347179
1	20173	0.84017311940
2	20173	0.84017311940
1	20025	0.48730040017
2	20025	0.48730040017
1	20033	1.00820773968
2	20033	1.00820773968
1	20077	0.16803461834
2	20077	0.16803461834
1	20025	0.23524846684
2	20025	0.23524846684
1	20209	0.00136347249
2	20209	0.00136347249
1	20045	0.63853155492
2	20045	0.63853155492
1	20091	0.20027809280
2	20091	0.20027809280
1	20111	1.14263542501
2	20111	1.14263542501
1	20139	1.61313235722
2	20139	1.61313235722
1	29013	0.63820147657
2	29013	0.63820147657
1	20107	0.70607549659
2	20107	0.70607549659
1	20111	0.06064599564
2	20111	0.06064599564
1	20031	0.00656784190
2	20031	0.00656784190
1	20001	0.15923677324
2	20001	0.15923677324
1	20133	1.78996483973
2	20133	1.78996483973
1	20121	0.09115516587
2	20121	0.09115516587
1	20059	0.16803462563
2	20059	0.16803462563
1	29013	1.27706311812
2	29013	1.27706311812
1	20107	0.00966561071
2	20107	0.00966561071
1	20003	0.50410385452
2	20003	0.50410385452
1	29217	0.60492463408
2	29217	0.60492463408
1	20011	2.48691239017
2	20011	2.48691239017
1	20133	0.38980817386
2	20133	0.38980817386
1	20099	0.92086188051
2	20099	0.92086188051
1	20125	0.39286482510
2	20125	0.39286482510
1	40999	1.28748140008
2	40999	1.28748140008
1	20035	0.50410387300
2	20035	0.50410387300
1	20082	0.27640068912
2	20082	0.27640068912
1	20035	0.25434071691
2	20035	0.25434071691
1	20125	0.48292308064
2	20125	0.48292308064
1	40999	0.36421938685
2	40999	0.36421938685
2	48289	0.01979026550
2	48289	0.01979026550
2	48313	1.49605022633
2	48313	1.49605022633
2	48485	0.09125877176
4	48485	0.09125877176
2	48503	0.07602941840
4	48503	0.07602941840
2	48471	0.35048454261
7	48471	0.35048454261
2	48339	4.38105665067
7	48339	4.38105665067
2	48291	1.98607901554
7	48291	1.98607901554
2	48291	0.05841409059
7	48291	0.05841409059
2	48225	2.24894241728
7	48225	2.24894241728
2	48455	0.49651975411
7	48455	0.49651975411
2	48291	4.43903899280
7	48291	4.43903899280
2	48199	0.49651974550
7	48199	0.49651974550
2	48241	1.33775668721
8	48241	1.33775668721
2	48457	1.61972175906
8	48457	1.61972175906
2	48373	1.24345101461
8	48373	1.24345101461
2	48199	0.79347510403
8	48199	0.79347510403
2	48271	0.40299512354
4	48271	0.40299512354
2	48141	3.40014629694
5	48141	3.40014629694
2	48141	3.73458689820
5	48141	3.73458689820
2	48141	1.67220309774
5	48141	1.67220309774
2	48377	1.00332187330
5	48377	1.00332187330
2	48377	0.55740101650
5	48377	0.55740101650
2	48377	0.95822872085
5	48377	0.95822872085
2	48377	2.17386402531
5	48377	2.17386402531
2	48377	2.34108433032
2	48377	2.34108433032
2	48377	4.96086916795
5	48377	4.96086916795
2	48377	4.68216864874
5	48377	4.68216864874
2	48377	6.91177274731
9	48377	6.91177274731
2	48141	0.61314119001
5	48141	0.61314119001
2	48377	0.66888122820
9	48377	0.66888122820
2	48504	0.76789009260
4	48504	0.76789009260
2	40999	0.24462359862
4	40999	0.24462359862
2	48197	0.00214431244
4	48197	0.00214431244
2	48487	1.33768904535
4	48487	1.33768904535
2	27169	0.28030677202
2	27169	0.28030677202
2	27111	1.00260369225
15	27111	1.00260369225
2	27111	0.13909481995
16	27111	0.13909481995
2	27153	1.49051007253
16	27153	1.49051007253
2	27097	0.04832449369
16	27097	0.04832449369
2	19005	0.38384341353
2	19005	0.38384341353
2	19043	0.02717529241
2	19043	0.02717529241
2	31094	2.03204164040
3	31094	2.03204164040
2	20147	0.11744596676
3	20147	0.11744596676
2	20195	0.30730046430
3	20195	0.30730046430
2	20051	0.22238762998
3	20051	0.22238762998
2	20999	1.06440277244
3	20999	1.06440277244
3	8071	2.22556233360
10	8071	2.22556233360
3	56021	0.32003211972
13	56021	0.32003211972
3	31999	0.41604175821
13	31999	0.41604175821
3	48504	0.28353879354
4	48504	0.28353879354
3	48030	0.40007397275
4	48030	0.40007397275
3	8093	2.25428524587
13	8093	2.25428524587
3	8023	0.47375496585
7	8023	0.47375496585
3	8071	1.03484616678
10	8071	1.03484616678
3	8101	1.56725996245
6	8101	1.56725996245
3	8011	0.10919082763
6	8011	0.10919082763
3	8071	2.23526773219
10	8071	2.23526773219
3	8071	0.06209075950
10	8071	0.06209075950
3	8101	0.18299565080
6	8101	0.18299565080
3	8011	0.39651821273
6	8011	0.39651821273
3	56021	0.80604388216
3	56021	0.80604388216
3	8123	1.03304198272
3	8123	1.03304198272
3	8041	0.04139385825
13	8041	0.04139385825
3	8035	2.24421911557
13	8035	2.24421911557
3	8041	0.15662398941
13	8041	0.15662398941
3	8069	1.11763386113
13	8069	1.11763386113
3	8013	5.69165391158
13	8013	5.69165391158
4	48271	0.05950576255
5	48271	0.05950576255
4	48323	2.73726451028
5	48323	2.73726451028
4	48127	1.46780849709
5	48127	1.46780849709
4	48479	0.00080295929
5	48479	0.00080295929
4	48511	1.60585230194
5	48511	1.60585230194
5	48141	0.00316563648
7	48141	0.00316563648
5	48377	1.96433236088
7	48377	1.96433236088
3	8021	0.20599914004
10	8021	0.20599914004
10	8041	3.34091141632
13	8041	3.34091141632
10	8043	0.00712692144
13	8043	0.00712692144
10	8101	0.09304894421
13	8101	0.09304894421
10	8071	0.42357114775
13	8071	0.42357114775
10	8109	1.31288710544
13	8109	1.31288710544
10	8021	0.37511055966
13	8021	0.37511055966
10	8109	0.63398556093
13	8109	0.63398556093
10	8023	0.06251843988
13	8023	0.06251843988
10	8065	0.28168306513
11	8065	0.28168306513
10	8065	0.20486040965
11	8065	0.20486040965
10	49041	0.00254651103
13	49041	0.00254651103
10	8065	4.86288809331
13	8065	4.86288809331
10	8021	1.84374362485
13	8021	1.84374362485
10	49041	0.97749652237
13	49041	0.97749652237
10	8065	0.32848854868
13	8065	0.32848854868
10	8065	0.20486039988
11	8065	0.20486039988
10	8117	2.59753251565
13	8117	2.59753251565
10	49039	0.01443763291
13	49039	0.01443763291
10	8117	0.99869447066
13	8117	0.99869447066
10	8117	0.38411324978
14	8117	0.38411324978
10	8117	0.72276004988
11	8117	0.72276004988
10	8117	0.92619634722
13	8117	0.92619634722
10	49039	0.20053587327
13	49039	0.20053587327
10	8117	2.12542668148
13	8117	2.12542668148
10	8117	0.30729060025
13	8117	0.30729060025
11	8117	1.79190915638
13	8117	1.79190915638
11	8117	1.66242112397
12	8117	1.66242112397
12	8065	3.67058838786
14	8065	3.67058838786
12	8069	2.70464409684
13	8069	2.70464409684
12	8069	2.06068121236
14	8069	2.06068121236
12	8117	1.25572759723
14	8117	1.25572759723
12	8117	1.86749235806
14	8117	1.86749235806
12	8117	0.25758515018
14	8117	0.25758515018
12	8117	2.06068119855
13	8117	2.06068119855
12	8117	1.54074081956
13	8117	1.54074081956
12	8065	1.43500989021
13	8065	1.43500989021
12	8117	8.66130071929
14	8117	8.66130071929
12	8065	5.79945565457
14	8065	5.79945565457
13	8041	0.08623846064
14	8041	0.08623846064
13	8041	0.06321700327
14	8041	0.06321700327
13	8065	0.42960416521
14	8065	0.42960416521
13	8109	2.10202549495
14	8109	2.10202549495
14	27137	0.09094631009
15	27137	0.09094631009
14	27017	0.08486155206
15	27017	0.08486155206
14	27069	0.17580786110
15	27069	0.17580786110
14	27061	11.82307903980
15	27061	11.82307903980
15	27035	1.53092601026
16	27035	1.53092601026
15	27097	1.75730070611
16	27097	1.75730070611
15	27017	2.01199054981
16	27017	2.01199054981
15	55031	0.68604164120
16	55031	0.68604164120
1	19119	0.13446172554
1	19119	0.13446172554
2	19119	0.13446172554
1	19093	0.03828701550
1	19093	0.03828701550
2	19093	0.03828701550
1	19193	0.00656809873
1	19193	0.00656809873
2	19193	0.00656809873
1	19059	0.08083267761
1	19059	0.08083267761
2	19059	0.08083267761
1	19093	0.01655657961
1	19093	0.01655657961
2	19093	0.01655657961
1	19047	0.00776610254
1	19047	0.00776610254
2	19047	0.00776610254
1	19161	0.00209323932
1	19161	0.00209323932
2	19161	0.00209323932
1	19005	0.00085336948
2	19005	0.00085336948
2	19005	0.00085336948
1	19005	0.00712757582
2	19005	0.00712757582
2	19005	0.00712757582
1	20147	0.00157519329
2	20147	0.00157519329
3	20147	0.00157519329
1	20999	0.04042771385
1	20999	0.04042771385
1	20999	0.04042771385
