1890	1	3.85
1890	2	3.925
1890	3	3.906
1890	4	3.735
1890	5	3.419
1890	6	3.462
1890	7	3.5
1890	8	3.5
1890	9	3.488
1890	10	3.5
1890	11	3.262
1890	12	3.25
1891	1	3.275
1891	2	3.25
1891	3	3.332
1891	4	3.332
1891	5	3.332
1891	6	3.332
1891	7	3.332
1891	8	3.283
1891	9	3.283
1891	10	2.958
1891	11	2.958
1891	12	2.958
1892	1	2.958
1892	2	2.946
1892	3	2.885
1892	4	2.825
1892	5	2.812
1892	6	2.765
1892	7	2.775
1892	8	2.69
1892	9	2.662
1892	10	2.575
1892	11	2.65
1892	12	2.65
1893	1	2.65
1893	2	2.6
1893	3	2.6
1893	4	2.6
1893	5	2.6
1893	6	2.55
1893	7	2.525
1893	8	2.5
1893	9	2.45
1893	10	2.4
1893	11	2.4
1893	12	2.35
1894	1	2.25
1894	2	2.25
1894	3	2.3
1894	4	2.2
1894	5	2.15
1894	6	2.2
1894	7	2.25
1894	8	2.25
1894	9	2.2
1894	10	2.15
1894	11	2
1894	12	1.9
1895	1	1.9
1895	2	1.9
1895	3	1.95
1895	4	1.9
1895	5	1.95
1895	6	2.1
1895	7	2.15
1895	8	2.55
1895	9	2.85
1895	10	2.85
1895	11	2.85
1895	12	2
1896	1	2.025
1896	2	1.975
1896	3	1.95
1896	4	2.05
1896	5	2.15
1896	6	2
1896	7	2
1896	8	1.9
1896	9	1.85
1896	10	1.85
1896	11	1.85
1896	12	1.95
1897	1	1.9
1897	2	1.85
1897	3	1.9
1897	4	1.8
1897	5	1.8
1897	6	1.75
1897	7	1.75
1897	8	1.65
1897	9	1.8
1897	10	1.8
1897	11	1.8
1897	12	1.8
1898	1	1.9
1898	2	1.9
1898	3	1.9
1898	4	1.875
1898	5	1.8
1898	6	1.8
1898	7	1.8
1898	8	1.8
1898	9	1.8
1898	10	1.825
1898	11	1.825
1898	12	1.825
1899	1	2.05
1899	2	2.25
1899	3	2.625
1899	4	2.8
1899	5	2.95
1899	6	3.2
1899	7	3.3
1899	8	3.4
1899	9	3.675
1899	10	3.775
1899	11	3.88
1899	12	4.13
1900	1	4.13
1900	2	4.13
1900	3	4.13
1900	4	3.88
1900	5	3.13
1900	6	3.13
1900	7	3.1
1900	8	3.1
1900	9	3
1900	10	3
1900	11	3
1900	12	3
1901	1	2.95
1901	2	3.05
1901	3	3.05
1901	4	3.05
1901	5	3.05
1901	6	3.05
1901	7	3.05
1901	8	3.05
1901	9	3.05
1901	10	3.05
1901	11	3.05
1901	12	3
1902	1	3.01
1902	2	3.1
1902	3	3.1
1902	4	3.1
1902	5	3.1
1902	6	3.1
1902	7	3.06
1902	8	3
1902	9	3
1902	10	2.68
1902	11	2.6
1902	12	2.6
1903	1	2.68
1903	2	2.75
1903	3	2.8
1903	4	2.77
1903	5	2.75
1903	6	2.75
1903	7	2.75
1903	8	2.75
1903	9	2.75
1903	10	2.75
1903	11	2.75
1903	12	2.6
1904	1	2.64
1904	2	2.65
1904	3	2.69
1904	4	2.7
1904	5	2.7
1904	6	2.68
1904	7	2.65
1904	8	2.425
1904	9	2.2
1904	10	2.2
1904	11	2.225
1904	12	2.33
1905	1	2.35
1905	2	2.4
1905	3	2.4
1905	4	2.4
1905	5	2.4
1905	6	2.4
1905	7	2.4
1905	8	2.32
1905	9	2.325
1905	10	2.4
1905	11	2.4
1905	12	2.4
1906	1	2.39
1906	2	2.4
1906	3	2.4
1906	4	2.4
1906	5	2.4
1906	6	2.4
1906	7	2.4
1906	8	2.4
1906	9	2.41
1906	10	2.45
1906	11	2.49
1906	12	2.6
1907	1	2.6
1907	2	2.6
1907	3	2.6
1907	4	2.6
1907	5	2.6
1907	6	2.63
1907	7	2.63
1907	8	2.63
1907	9	2.68
1907	10	2.68
1907	11	2.68
1907	12	2.68
1908	1	2.68
1908	2	2.68
1908	3	2.68
1908	4	2.68
1908	5	2.68
1908	6	2.58
1908	7	2.58
1908	8	2.58
1908	9	2.58
1908	10	2.58
1908	11	2.58
1908	12	2.58
1909	1	2.58
1909	2	2.58
1909	3	2.58
1909	4	2.58
1909	5	2.08
1909	6	2.18
1909	7	2.18
1909	8	2.28
1909	9	2.28
1909	10	2.28
1909	11	2.38
1909	12	2.33
1910	1	2.33
1910	2	2.33
1910	3	2.33
1910	4	2.15
1910	5	2.15
1910	6	2.15
1910	7	2.15
1910	8	2
1910	9	2
1910	10	2
1910	11	2
1910	12	2
1911	1	2.18
1911	2	2.23
1911	3	2.23
1911	4	2.28
1911	5	2.28
1911	6	2.18
1911	7	2.18
1911	8	2.18
1911	9	2.18
1911	10	2.18
1911	11	2.08
1911	12	1.98
1912	1	2.03
1912	2	2.08
1912	3	2.08
1912	4	2.08
1912	5	2.08
1912	6	2.08
1912	7	2.08
1912	8	2.13
1912	9	2.18
1912	10	2.18
1912	11	2.305
1912	12	2.305
1913	1	2.33
1913	2	2.33
1913	3	2.33
1913	4	2.38
1913	5	2.38
1913	6	2.38
1913	7	2.38
1913	8	2.38
1913	9	2.23
1913	10	2.23
1913	11	2.18
1913	12	2.18
1914	1	2.13
1914	2	2.18
1914	3	2.18
1914	4	2.18
1914	5	2.18
1914	6	2.13
1914	7	2.08
1914	8	2.13
1914	9	2.18
1914	10	2.18
1914	11	2.13
1914	12	2.139
1915	1	2.089
1915	2	2.139
1915	3	2.189
1915	4	2.339
1915	5	2.339
1915	6	2.539
1915	7	2.689
1915	8	2.689
1915	9	2.689
1915	10	2.789
1915	11	2.889
1915	12	3.039
1916	1	3.139
1916	2	3.239
1916	3	3.339
1916	4	3.439
1916	5	3.539
1916	6	3.539
1916	7	3.539
1916	8	3.539
1916	9	3.639
1916	10	3.639
1916	11	3.739
1916	12	3.85
1917	1	4.039
1917	2	4.039
1917	3	4.239
1917	4	4.239
1917	5	4.239
1917	6	4.239
1917	7	5.039
1917	8	5.039
1917	9	5.039
1917	10	5.039
1917	11	4.565
1917	12	4.565
1918	1	4.565
1918	2	4.565
1918	3	4.565
1918	4	4.565
1918	5	4.565
1918	6	4.579
1918	7	4.62
1918	8	4.62
1918	9	4.62
1918	10	4.62
1918	11	4.62
1918	12	4.62
1919	1	4.62
1919	2	4.62
1919	3	4.558
1919	4	4.37
1919	5	4.37
1919	6	4.37
1919	7	4.37
1919	8	4.37
1919	9	4.37
1919	10	4.408
1919	11	4.52
1919	12	4.68
1920	1	4.72
1920	2	4.72
1920	3	4.72
1920	4	4.72
1920	5	4.72
1920	6	4.72
1920	7	4.72
1920	8	4.742
1920	9	4.83
1920	10	4.83
1920	11	4.76
1920	12	4.48
1921	1	4.48
1921	2	4.355
1921	3	4.23
1921	4	4.355
1921	5	4.48
1921	6	4.18
1921	7	3.843
1921	8	3.78
1921	9	3.893
1921	10	3.93
1921	11	3.9
1921	12	3.718
1922	1	3.53
1922	2	3.455
1922	3	3.43
1922	4	3.43
1922	5	3.43
1922	6	3.43
1922	7	3.39
1922	8	3.43
1922	9	3.54
1922	10	3.69
1922	11	3.69
1922	12	3.69
1923	1	3.69
1923	2	3.79
1923	3	3.853
1923	4	4.065
1923	5	4.14
1923	6	4.14
1923	7	4.14
1923	8	4.14
1923	9	4.14
1923	10	4.14
1923	11	4.14
1923	12	4.14
1924	1	4.14
1924	2	4.14
1924	3	4.14
1924	4	4.14
1924	5	4.065
1924	6	4.04
1924	7	3.98
1924	8	3.853
1924	9	3.82
1924	10	3.55
1924	11	3.55
1924	12	3.65
1925	1	3.65
1925	2	3.65
1925	3	3.65
1925	4	3.6
1925	5	3.55
1925	6	3.54
1925	7	3.4
1925	8	3.4
1925	9	3.4
1925	10	3.4
1925	11	3.4
1925	12	3.4
1926	1	3.4
1926	2	3.4
1926	3	3.4
1926	4	3.4
1926	5	3.4
1926	6	3.4
1926	7	3.4
1926	8	3.4
1926	9	3.4
1926	10	3.4
1926	11	3.4
1926	12	3.4
1927	1	3.388
1927	2	3.313
1927	3	3.3
1927	4	3.3
1927	5	3.27
1927	6	3.25
1927	7	3.275
1927	8	3.3
1927	9	3.3
1927	10	3.3
1927	11	3.25
1927	12	3.25
1928	1	3.25
1928	2	3.363
1928	3	3.4
1928	4	3.4
1928	5	3.4
1928	6	3.4
1928	7	3.28
1928	8	3.25
1928	9	3.25
1928	10	3.25
1928	11	3.25
1928	12	3.325
1929	1	3.35
1929	2	3.35
1929	3	3.35
1929	4	3.35
1929	5	3.35
1929	6	3.35
1929	7	3.35
1929	8	3.3
1929	9	3.3
1929	10	3.15
1929	11	3.113
1929	12	3.1
1930	1	3.025
1930	2	3
1930	3	3
1930	4	3
1930	5	2.85
1930	6	2.85
1930	7	2.85
1930	8	2.85
1930	9	2.85
1930	10	2.825
1930	11	2.75
1930	12	2.68
1931	1	2.6
1931	2	2.6
1931	3	2.6
1931	4	2.6
1931	5	2.6
1931	6	2.6
1931	7	2.6
1931	8	2.6
1931	9	2.6
1931	10	2.6
1931	11	2.6
1931	12	2.61
1932	1	2.65
1932	2	2.65
1932	3	2.65
1932	4	2.65
1932	5	2.65
1932	6	2.65
1932	7	2.65
1932	8	2.65
1932	9	2.65
1932	10	2.65
1932	11	2.65
1932	12	2.65
1933	1	2.47
1933	2	2.375
1933	3	2.4
1933	4	2.4
1933	5	2.4
1933	6	2.4
1933	7	2.588
1933	8	2.65
1933	9	2.65
1933	10	2.65
1933	11	2.65
1933	12	2.9
1934	1	2.9
1934	2	2.9
1934	3	2.9
1934	4	2.938
1934	5	3.05
1934	6	3.05
1934	7	3.05
1934	8	3.05
1934	9	3.05
1934	10	3.05
1934	11	3.05
1934	12	3.05
1935	1	3.05
1935	2	3.05
1935	3	3.05
1935	4	3.05
1935	5	3.05
1935	6	3.05
1935	7	3.05
1935	8	3
1935	9	2.85
1935	10	2.85
1935	11	2.85
1935	12	2.85
1936	1	2.85
1936	2	2.7
1936	3	2.55
1936	4	2.65
1936	5	2.65
1936	6	2.65
1936	7	2.65
1936	8	2.65
1936	9	2.52
1936	10	2.6
1936	11	2.6
1936	12	2.75
1937	1	2.8
1937	2	2.875
1937	3	3.38
1937	4	3.45
1937	5	3.45
1937	6	3.45
1937	7	3.45
1937	8	3.45
1937	9	3.45
1937	10	3.45
1937	11	3.45
1937	12	3.45
1938	1	3.45
1938	2	3.45
1938	3	3.45
1938	4	3.45
1938	5	3.45
1938	6	3.388
1938	7	3.2
1938	8	3.2
1938	9	3.2
1938	10	3.2
1938	11	3.2
1938	12	3.2
1939	1	3.2
1939	2	3.225
1939	3	3.3
1939	4	3.3
1939	5	3.3
1939	6	3.3
1939	7	3.263
1939	8	3.25
1939	9	3.25
1939	10	3.37
1939	11	3.4
1939	12	3.4
1940	1	3.4
1940	2	3.45
1940	3	3.5
1940	4	3.5
1940	5	3.5
1940	6	3.5
1940	7	3.5
1940	8	3.5
1940	9	3.5
1940	10	3.5
1940	11	.
1940	12	.
