1860    1 72.0000                         
1860    2 72.0000                         
1860    3 72.0000                         
1860    4 71.0000                         
1860    5 71.0000                         
1860    6 70.0000                         
1860    7 71.0000                         
1860    8 71.0000                         
1860    9 71.0000                         
1860   10 72.0000                         
1860   11 72.0000                         
1860   12 71.0000                         
1861    1 71.0000                         
1861    2 70.0000                         
1861    3 70.0000                         
1861    4 69.0000                         
1861    5 69.0000                         
1861    6 68.0000                         
1861    7 67.0000                         
1861    8 68.0000                         
1861    9 68.0000                         
1861   10 70.0000                         
1861   11 72.0000                         
1861   12 73.0000                         
1862    1 75.0000                         
1862    2 76.0000                         
1862    3 75.0000                         
1862    4 75.0000                         
1862    5 74.0000                         
1862    6 74.0000                         
1862    7 76.0000                         
1862    8 80.0000                         
1862    9 81.0000                         
1862   10 83.0000                         
1862   11 88.0000                         
1862   12 90.0000                         
1863    1 91.0000                         
1863    2 96.0000                         
1863    3 98.0000                         
1863    4 97.0000                         
1863    5 94.0000                         
1863    6 93.0000                         
1863    7 94.0000                         
1863    8 94.0000                         
1863    9 93.0000                         
1863   10 98.0000                         
1863   11 102.000                         
1863   12 105.000                         
1864    1 108.000                         
1864    2 111.000                         
1864    3 114.000                         
1864    4 118.000                         
1864    5 121.000                         
1864    6 128.000                         
1864    7 142.000                         
1864    8 145.000                         
1864    9 146.000                         
1864   10 137.000                         
1864   11 141.000                         
1864   12 145.000                         
1865    1 144.000                         
1865    2 141.000                         
1865    3 136.000                         
1865    4 124.000                         
1865    5 119.000                         
1865    6 115.000                         
1865    7 116.000                         
1865    8 119.000                         
1865    9 124.000                         
1865   10 129.000                         
1865   11 129.000                         
1865   12 127.000                         
1866    1 126.000                         
1866    2 124.000                         
1866    3 123.000                         
1866    4 119.000                         
1866    5 121.000                         
1866    6 122.000                         
1866    7 123.000                         
1866    8 124.000                         
1866    9 123.000                         
1866   10 126.000                         
1866   11 124.000                         
1866   12 121.000                         
1867    1 120.000                         
1867    2 119.000                         
1867    3 118.000                         
1867    4 119.000                         
1867    5 120.000                         
1867    6 116.000                         
1867    7 115.000                         
1867    8 120.000                         
1867    9 115.000                         
1867   10 115.000                         
1867   11 114.000                         
1867   12 113.000                         
1868    1 113.000                         
1868    2 114.000                         
1868    3 116.000                         
1868    4 117.000                         
1868    5 116.000                         
1868    6 114.000                         
1868    7 113.000                         
1868    8 114.000                         
1868    9 113.000                         
1868   10 112.000                         
1868   11 112.000                         
1868   12 112.000                         
1869    1 112.000                         
1869    2 113.000                         
1869    3 112.000                         
1869    4 111.000                         
1869    5 110.000                         
1869    6 109.000                         
1869    7 109.000                         
1869    8 112.000                         
1869    9 111.000                         
1869   10 109.000                         
1869   11 109.000                         
1869   12 108.000                         
1870    1 105.000                         
1870    2 104.000                         
1870    3 102.000                         
1870    4 102.000                         
1870    5 103.000                         
1870    6 102.000                         
1870    7 102.000                         
1870    8 101.000                         
1870    9 101.000                         
1870   10 101.000                         
1870   11 100.000                         
1870   12 99.0000                         
1871    1 100.000                         
1871    2 102.000                         
1871    3 103.000                         
1871    4 100.000                         
1871    5 99.0000                         
1871    6 98.0000                         
1871    7 98.0000                         
1871    8 97.0000                         
1871    9 98.0000                         
1871   10 99.0000                         
1871   11 99.0000                         
1871   12 100.000                         
1872    1 100.000                         
1872    2 100.000                         
1872    3 101.000                         
1872    4 103.000                         
1872    5 103.000                         
1872    6 102.000                         
1872    7 101.000                         
1872    8 102.000                         
1872    9 102.000                         
1872   10 101.000                         
1872   11 103.000                         
1872   12 102.000                         
1873    1 102.000                         
1873    2 103.000                         
1873    3 103.000                         
1873    4 103.000                         
1873    5 101.000                         
1873    6 99.0000                         
1873    7 99.0000                         
1873    8 99.0000                         
1873    9 99.0000                         
1873   10 98.0000                         
1873   11 96.0000                         
1873   12 98.0000                         
1874    1 98.0000                         
1874    2 97.0000                         
1874    3 97.0000                         
1874    4 97.0000                         
1874    5 97.0000                         
1874    6 95.0000                         
1874    7 96.0000                         
1874    8 95.0000                         
1874    9 95.0000                         
1874   10 94.0000                         
1874   11 93.0000                         
1874   12 94.0000                         
1875    1 94.0000                         
1875    2 94.0000                         
1875    3 94.0000                         
1875    4 94.0000                         
1875    5 93.0000                         
1875    6 92.0000                         
1875    7 92.0000                         
1875    8 92.0000                         
1875    9 92.0000                         
1875   10 91.0000                         
1875   11 91.0000                         
1875   12 90.0000                         
1876    1 90.0000                         
1876    2 90.0000                         
1876    3 89.0000                         
1876    4 88.0000                         
1876    5 86.0000                         
1876    6 85.0000                         
1876    7 85.0000                         
1876    8 86.0000                         
1876    9 86.0000                         
1876   10 87.0000                         
1876   11 87.0000                         
1876   12 88.0000                         
1877    1 88.0000                         
1877    2 87.0000                         
1877    3 85.0000                         
1877    4 85.0000                         
1877    5 86.0000                         
1877    6 84.0000                         
1877    7 84.0000                         
1877    8 82.0000                         
1877    9 83.0000                         
1877   10 82.0000                         
1877   11 81.0000                         
1877   12 81.0000                         
1878    1 80.0000                         
1878    2 80.0000                         
1878    3 79.0000                         
1878    4 78.0000                         
1878    5 77.0000                         
1878    6 76.0000                         
1878    7 77.0000                         
1878    8 77.0000                         
1878    9 77.0000                         
1878   10 77.0000                         
1878   11 76.0000                         
1878   12 76.0000                         
1879    1 76.0000                         
1879    2 76.0000                         
1879    3 76.0000                         
1879    4 75.0000                         
1879    5 75.0000                         
1879    6 75.0000                         
1879    7 75.0000                         
1879    8 75.0000                         
1879    9 77.0000                         
1879   10 79.0000                         
1879   11 81.0000                         
1879   12 82.0000                         
1880    1 83.0000                         
1880    2 84.0000                         
1880    3 84.0000                         
1880    4 83.0000                         
1880    5 82.0000                         
1880    6 81.0000                         
1880    7 81.0000                         
1880    8 82.0000                         
1880    9 82.0000                         
1880   10 83.0000                         
1880   11 83.0000                         
1880   12 83.0000                         
1881    1 83.0000                         
1881    2 84.0000                         
1881    3 84.0000                         
1881    4 84.0000                         
1881    5 84.0000                         
1881    6 84.0000                         
1881    7 85.0000                         
1881    8 85.0000                         
1881    9 87.0000                         
1881   10 87.0000                         
1881   11 87.0000                         
1881   12 87.0000                         
1882    1 87.0000                         
1882    2 87.0000                         
1882    3 87.0000                         
1882    4 88.0000                         
1882    5 88.0000                         
1882    6 89.0000                         
1882    7 88.0000                         
1882    8 89.0000                         
1882    9 88.0000                         
1882   10 88.0000                         
1882   11 87.0000                         
1882   12 86.0000                         
1883    1 86.0000                         
1883    2 86.0000                         
1883    3 86.0000                         
1883    4 86.0000                         
1883    5 85.0000                         
1883    6 84.0000                         
1883    7 83.0000                         
1883    8 83.0000                         
1883    9 82.0000                         
1883   10 82.0000                         
1883   11 82.0000                         
1883   12 82.0000                         
1884    1 82.0000                         
1884    2 82.0000                         
1884    3 82.0000                         
1884    4 81.0000                         
1884    5 79.0000                         
1884    6 79.0000                         
1884    7 79.0000                         
1884    8 79.0000                         
1884    9 79.0000                         
1884   10 78.0000                         
1884   11 78.0000                         
1884   12 77.0000                         
1885    1 77.0000                         
1885    2 78.0000                         
1885    3 77.0000                         
1885    4 77.0000                         
1885    5 77.0000                         
1885    6 76.0000                         
1885    7 76.0000                         
1885    8 76.0000                         
1885    9 76.0000                         
1885   10 77.0000                         
1885   11 77.0000                         
1885   12 78.0000                         
1886    1 77.0000                         
1886    2 77.0000                         
1886    3 76.0000                         
1886    4 76.0000                         
1886    5 75.0000                         
1886    6 75.0000                         
1886    7 75.0000                         
1886    8 76.0000                         
1886    9 76.0000                         
1886   10 76.0000                         
1886   11 76.0000                         
1886   12 76.0000                         
1887    1 77.0000                         
1887    2 77.0000                         
1887    3 77.0000                         
1887    4 77.0000                         
1887    5 77.0000                         
1887    6 77.0000                         
1887    7 76.0000                         
1887    8 77.0000                         
1887    9 76.0000                         
1887   10 77.0000                         
1887   11 77.0000                         
1887   12 78.0000                         
1888    1 78.0000                         
1888    2 78.0000                         
1888    3 78.0000                         
1888    4 78.0000                         
1888    5 78.0000                         
1888    6 77.0000                         
1888    7 78.0000                         
1888    8 78.0000                         
1888    9 78.0000                         
1888   10 78.0000                         
1888   11 78.0000                         
1888   12 78.0000                         
1889    1 77.0000                         
1889    2 78.0000                         
1889    3 77.0000                         
1889    4 77.0000                         
1889    5 77.0000                         
1889    6 77.0000                         
1889    7 77.0000                         
1889    8 77.0000                         
1889    9 77.0000                         
1889   10 77.0000                         
1889   11 77.0000                         
1889   12 77.0000                         
1890    1 77.0000                         
1890    2 77.0000                         
1890    3 77.0000                         
1890    4 77.0000                         
1890    5 78.0000                         
1890    6 78.0000                         
1890    7 77.0000                         
1890    8 78.0000                         
1890    9 79.0000                         
1890   10 78.0000                         
1890   11 77.0000                         
1890   12 77.0000                         
1891    1 77.0000                         
1891    2 77.0000                         
1891    3 78.0000                         
1891    4 78.0000                         
1891    5 77.0000                         
1891    6 77.0000                         
1891    7 77.0000                         
1891    8 76.0000                         
1891    9 76.0000                         
1891   10 76.0000                         
1891   11 76.0000                         
1891   12 76.0000                         
1892    1 75.0000                         
1892    2 76.0000                         
1892    3 75.0000                         
1892    4 75.0000                         
1892    5 76.0000                         
1892    6 76.0000                         
1892    7 75.0000                         
1892    8 76.0000                         
1892    9 76.0000                         
1892   10 76.0000                         
1892   11 76.0000                         
1892   12 77.0000                         
1893    1 78.0000                         
1893    2 78.0000                         
1893    3 78.0000                         
1893    4 77.0000                         
1893    5 76.0000                         
1893    6 75.0000                         
1893    7 73.0000                         
1893    8 74.0000                         
1893    9 73.0000                         
1893   10 74.0000                         
1893   11 74.0000                         
1893   12 73.0000                         
1894    1 72.0000                         
1894    2 71.0000                         
1894    3 71.0000                         
1894    4 71.0000                         
1894    5 70.0000                         
1894    6 71.0000                         
1894    7 71.0000                         
1894    8 71.0000                         
1894    9 72.0000                         
1894   10 71.0000                         
1894   11 71.0000                         
1894   12 71.0000                         
1895    1 71.0000                         
1895    2 71.0000                         
1895    3 71.0000                         
1895    4 72.0000                         
1895    5 73.0000                         
1895    6 73.0000                         
1895    7 73.0000                         
1895    8 73.0000                         
1895    9 73.0000                         
1895   10 73.0000                         
1895   11 72.0000                         
1895   12 72.0000                         
1896    1 72.0000                         
1896    2 72.0000                         
1896    3 71.0000                         
1896    4 71.0000                         
1896    5 71.0000                         
1896    6 71.0000                         
1896    7 71.0000                         
1896    8 70.0000                         
1896    9 70.0000                         
1896   10 71.0000                         
1896   11 72.0000                         
1896   12 72.0000                         
1897    1 71.0000                         
1897    2 71.0000                         
1897    3 71.0000                         
1897    4 71.0000                         
1897    5 71.0000                         
1897    6 71.0000                         
1897    7 71.0000                         
1897    8 72.0000                         
1897    9 73.0000                         
1897   10 73.0000                         
1897   11 73.0000                         
1897   12 73.0000                         
1898    1 73.0000                         
1898    2 74.0000                         
1898    3 73.0000                         
1898    4 73.0000                         
1898    5 74.0000                         
1898    6 73.0000                         
1898    7 73.0000                         
1898    8 73.0000                         
1898    9 73.0000                         
1898   10 74.0000                         
1898   11 74.0000                         
1898   12 74.0000                         
1899    1 75.0000                         
1899    2 75.0000                         
1899    3 75.0000                         
1899    4 76.0000                         
1899    5 77.0000                         
1899    6 77.0000                         
1899    7 77.0000                         
1899    8 77.0000                         
1899    9 79.0000                         
1899   10 79.0000                         
1899   11 79.0000                         
1899   12 79.0000                         
1900    1 80.0000                         
1900    2 80.0000                         
1900    3 80.0000                         
1900    4 80.0000                         
1900    5 79.0000                         
1900    6 79.0000                         
1900    7 79.0000                         
1900    8 79.0000                         
1900    9 79.0000                         
1900   10 80.0000                         
1900   11 80.0000                         
1900   12 80.0000                         
1901    1 80.0000                         
1901    2 80.0000                         
1901    3 80.0000                         
1901    4 81.0000                         
1901    5 81.0000                         
1901    6 81.0000                         
1901    7 81.0000                         
1901    8 81.0000                         
1901    9 81.0000                         
1901   10 82.0000                         
1901   11 82.0000                         
1901   12 83.0000                         
1902    1 82.0000                         
1902    2 82.0000                         
1902    3 82.0000                         
1902    4 83.0000                         
1902    5 84.0000                         
1902    6 84.0000                         
1902    7 84.0000                         
1902    8 84.0000                         
1902    9 85.0000                         
1902   10 87.0000                         
1902   11 85.0000                         
1902   12 86.0000                         
1903    1 86.0000                         
1903    2 86.0000                         
1903    3 86.0000                         
1903    4 86.0000                         
1903    5 86.0000                         
1903    6 86.0000                         
1903    7 85.0000                         
1903    8 85.0000                         
1903    9 85.0000                         
1903   10 85.0000                         
1903   11 85.0000                         
1903   12 84.0000                         
1904    1 85.0000                         
1904    2 86.0000                         
1904    3 86.0000                         
1904    4 85.0000                         
1904    5 85.0000                         
1904    6 85.0000                         
1904    7 86.0000                         
1904    8 86.0000                         
1904    9 86.0000                         
1904   10 87.0000                         
1904   11 87.0000                         
1904   12 87.0000                         
1905    1 88.0000                         
1905    2 88.0000                         
1905    3 88.0000                         
1905    4 89.0000                         
1905    5 87.0000                         
1905    6 87.0000                         
1905    7 88.0000                         
1905    8 88.0000                         
1905    9 88.0000                         
1905   10 89.0000                         
1905   11 89.0000                         
1905   12 89.0000                         
1906    1 90.0000                         
1906    2 90.0000                         
1906    3 90.0000                         
1906    4 90.0000                         
1906    5 90.0000                         
1906    6 90.0000                         
1906    7 90.0000                         
1906    8 90.0000                         
1906    9 91.0000                         
1906   10 92.0000                         
1906   11 92.0000                         
1906   12 93.0000                         
1907    1 93.0000                         
1907    2 93.0000                         
1907    3 93.0000                         
1907    4 94.0000                         
1907    5 93.0000                         
1907    6 93.0000                         
1907    7 93.0000                         
1907    8 93.0000                         
1907    9 93.0000                         
1907   10 93.0000                         
1907   11 91.0000                         
1907   12 91.0000                         
1908    1 91.0000                         
1908    2 90.0000                         
1908    3 90.0000                         
1908    4 90.0000                         
1908    5 91.0000                         
1908    6 91.0000                         
1908    7 91.0000                         
1908    8 91.0000                         
1908    9 91.0000                         
1908   10 91.0000                         
1908   11 92.0000                         
1908   12 92.0000                         
1909    1 93.0000                         
1909    2 93.0000                         
1909    3 93.0000                         
1909    4 93.0000                         
1909    5 94.0000                         
1909    6 95.0000                         
1909    7 95.0000                         
1909    8 95.0000                         
1909    9 95.0000                         
1909   10 96.0000                         
1909   11 97.0000                         
1909   12 97.0000                         
1910    1 97.0000                         
1910    2 97.0000                         
1910    3 98.0000                         
1910    4 97.0000                         
1910    5 98.0000                         
1910    6 97.0000                         
1910    7 98.0000                         
1910    8 97.0000                         
1910    9 97.0000                         
1910   10 96.0000                         
1910   11 96.0000                         
1910   12 96.0000                         
1911    1 96.0000                         
1911    2 96.0000                         
1911    3 96.0000                         
1911    4 96.0000                         
1911    5 96.0000                         
1911    6 96.0000                         
1911    7 96.0000                         
1911    8 96.0000                         
1911    9 96.0000                         
1911   10 97.0000                         
1911   11 96.0000                         
1911   12 97.0000                         
1912    1 97.0000                         
1912    2 98.0000                         
1912    3 99.0000                         
1912    4 100.000                         
1912    5 100.000                         
1912    6 100.000                         
1912    7 100.000                         
1912    8 100.000                         
1912    9 100.000                         
1912   10 101.000                         
1912   11 100.000                         
1912   12 100.000                         
1913    1 100.000                         
1913    2 100.000                         
1913    3 100.000                         
1913    4 100.000                         
1913    5 100.000                         
1913    6 99.0000                         
1913    7 100.000                         
1913    8 100.000                         
1913    9 101.000                         
1913   10 101.000                         
1913   11 100.000                         
1913   12 100.000                         
1914    1 100.000                         
1914    2 100.000                         
1914    3 100.000                         
1914    4 100.000                         
1914    5 100.000                         
1914    6 100.000                         
1914    7 100.000                         
1914    8 101.000                         
1914    9 101.000                         
1914   10 100.000                         
1914   11 99.0000                         
1914   12 100.000                         
1915    1 100.000                         
1915    2 100.000                         
1915    3 100.000                         
1915    4 101.000                         
1915    5 101.000                         
1915    6 101.000                         
1915    7 102.000                         
1915    8 103.000                         
1915    9 104.000                         
1915   10 107.000                         
1915   11 107.000                         
1915   12 108.000                         
1916    1 110.000                         
1916    2 111.000                         
1916    3 113.000                         
1916    4 114.000                         
1916    5 114.000                         
1916    6 115.000                         
1916    7 115.000                         
1916    8 117.000                         
1916    9 120.000                         
1916   10 122.000                         
1916   11 126.000                         
1916   12 127.000                         
1917    1 128.000                         
1917    2 130.000                         
1917    3 132.000                         
1917    4 136.000                         
1917    5 139.000                         
1917    6 142.000                         
1917    7 141.000                         
1917    8 142.000                         
1917    9 142.000                         
1917   10 142.000                         
1917   11 141.000                         
1917   12 143.000                         
1918    1 144.000                         
1918    2 146.000                         
1918    3 147.000                         
1918    4 149.000                         
1918    5 151.000                         
1918    6 153.000                         
1918    7 155.000                         
1918    8 158.000                         
1918    9 160.000                         
1918   10 162.000                         
1918   11 162.000                         
1918   12 164.000                         
1919    1 163.000                         
1919    2 161.000                         
1919    3 162.000                         
1919    4 164.000                         
1919    5 167.000                         
1919    6 170.000                         
1919    7 174.000                         
1919    8 176.000                         
1919    9 176.000                         
1919   10 178.000                         
1919   11 181.000                         
1919   12 184.000                         
1920    1 188.000                         
1920    2 189.000                         
1920    3 192.000                         
1920    4 196.000                         
1920    5 198.000                         
1920    6 199.000                         
1920    7 198.000                         
1920    8 195.000                         
1920    9 195.000                         
1920   10 192.000                         
1920   11 187.000                         
1920   12 180.000                         
1921    1 177.000                         
1921    2 172.000                         
1921    3 170.000                         
1921    4 167.000                         
1921    5 164.000                         
1921    6 162.000                         
1921    7 160.000                         
1921    8 160.000                         
1921    9 159.000                         
1921   10 159.000                         
1921   11 159.000                         
1921   12 158.000                         
1922    1 156.000                         
1922    2 155.000                         
1922    3 155.000                         
1922    4 156.000                         
1922    5 158.000                         
1922    6 158.000                         
1922    7 159.000                         
1922    8 160.000                         
1922    9 160.000                         
1922   10 161.000                         
1922   11 162.000                         
1922   12 163.000                         
1923    1 163.000                         
1923    2 164.000                         
1923    3 165.000                         
1923    4 165.000                         
1923    5 166.000                         
1923    6 166.000                         
1923    7 165.000                         
1923    8 165.000                         
1923    9 165.000                         
1923   10 166.000                         
1923   11 166.000                         
1923   12 166.000                         
1924    1 167.000                         
1924    2 167.000                         
1924    3 166.000                         
1924    4 165.000                         
1924    5 165.000                         
1924    6 164.000                         
1924    7 165.000                         
1924    8 166.000                         
1924    9 165.000                         
1924   10 165.000                         
1924   11 166.000                         
1924   12 168.000                         
1925    1 169.000                         
1925    2 169.000                         
1925    3 169.000                         
1925    4 168.000                         
1925    5 168.000                         
1925    6 170.000                         
1925    7 170.000                         
1925    8 171.000                         
1925    9 171.000                         
1925   10 172.000                         
1925   11 173.000                         
1925   12 173.000                         
1926    1 173.000                         
1926    2 172.000                         
1926    3 171.000                         
1926    4 171.000                         
1926    5 171.000                         
1926    6 171.000                         
1926    7 171.000                         
1926    8 171.000                         
1926    9 172.000                         
1926   10 171.000                         
1926   11 172.000                         
1926   12 171.000                         
1927    1 170.000                         
1927    2 170.000                         
1927    3 170.000                         
1927    4 169.000                         
1927    5 170.000                         
1927    6 171.000                         
1927    7 170.000                         
1927    8 171.000                         
1927    9 173.000                         
1927   10 173.000                         
1927   11 173.000                         
1927   12 174.000                         
1928    1 173.000                         
1928    2 173.000                         
1928    3 174.000                         
1928    4 175.000                         
1928    5 177.000                         
1928    6 176.000                         
1928    7 176.000                         
1928    8 176.000                         
1928    9 178.000                         
1928   10 177.000                         
1928   11 178.000                         
1928   12 178.000                         
1929    1 179.000                         
1929    2 179.000                         
1929    3 180.000                         
1929    4 179.000                         
1929    5 179.000                         
1929    6 179.000                         
1929    7 181.000                         
1929    8 182.000                         
1929    9 183.000                         
1929   10 181.000                         
1929   11 174.000                         
1929   12 174.000                         
1930    1 174.000                         
1930    2 173.000                         
1930    3 173.000                         
1930    4 174.000                         
1930    5 172.000                         
1930    6 169.000                         
1930    7 167.000                         
1930    8 166.000                         
1930    9 167.000                         
1930   10 163.000                         
1930   11 161.000                         
1930   12 158.000                         
1931    1 157.000                         
1931    2 157.000                         
1931    3 157.000                         
1931    4 155.000                         
1931    5 153.000                         
1931    6 150.000                         
1931    7 149.000                         
1931    8 149.000                         
1931    9 147.000                         
1931   10 144.000                         
1931   11 144.000                         
1931   12 140.000                         
1932    1 138.000                         
1932    2 136.000                         
1932    3 137.000                         
1932    4 134.000                         
1932    5 132.000                         
1932    6 129.000                         
1932    7 129.000                         
1932    8 132.000                         
1932    9 132.000                         
1932   10 131.000                         
1932   11 130.000                         
1932   12 128.000                         
1933    1 127.000                         
1933    2 124.000                         
1933    3 123.000                         
1933    4 124.000                         
1933    5 127.000                         
1933    6 128.000                         
1933    7 132.000                         
1933    8 132.000                         
1933    9 133.000                         
1933   10 133.000                         
1933   11 133.000                         
1933   12 132.000                         
1934    1 133.000                         
1934    2 136.000                         
1934    3 136.000                         
1934    4 137.000                         
1934    5 136.000                         
1934    6 137.000                         
1934    7 138.000                         
1934    8 138.000                         
1934    9 139.000                         
1934   10 139.000                         
1934   11 140.000                         
1934   12 140.000                         
1935    1 141.000                         
1935    2 142.000                         
1935    3 141.000                         
1935    4 142.000                         
1935    5 143.000                         
1935    6 144.000                         
1935    7 145.000                         
1935    8 146.000                         
1935    9 147.000                         
1935   10 148.000                         
1935   11 149.000                         
1935   12 149.000                         
1936    1 150.000                         
1936    2 151.000                         
1936    3 151.000                         
1936    4 150.000                         
1936    5 150.000                         
1936    6 152.000                         
1936    7 154.000                         
1936    8 156.000                         
1936    9 156.000                         
1936   10 156.000                         
1936   11 158.000                         
1936   12 159.000                         
1937    1 161.000                         
1937    2 162.000                         
1937    3 163.000                         
1937    4 162.000                         
1937    5 162.000                         
1937    6 162.000                         
1937    7 163.000                         
1937    8 163.000                         
1937    9 161.000                         
1937   10 158.000                         
1937   11 156.000                         
1937   12 155.000                         
1938    1 155.000                         
1938    2 154.000                         
1938    3 152.000                         
1938    4 152.000                         
1938    5 152.000                         
1938    6 152.000                         
1938    7 155.000                         
1938    8 154.000                         
1938    9 154.000                         
1938   10 155.000                         
1938   11 154.000                         
1938   12 155.000                         
1939    1 155.000                         
1939    2 154.000                         
1939    3 153.000                         
1939    4 152.000                         
1939    5 152.000                         
1939    6 152.000                         
1939    7 153.000                         
1939    8 152.000                         
1939    9 155.000                         
1939   10 155.000                         
1939   11 155.000                         
1939   12 .                               
