1842    1 .                               
1842    2 .                               
1842    3 .                               
1842    4 .                               
1842    5 27.0000                         
1842    6 27.0000                         
1842    7 26.3300                         
1842    8 24.5000                         
1842    9 25.1200                         
1842   10 25.0000                         
1842   11 25.0000                         
1842   12 25.0000                         
1843    1 .                               
1843    2 .                               
1843    3 .                               
1843    4 .                               
1843    5 .                               
1843    6 .                               
1843    7 .                               
1843    8 .                               
1843    9 .                               
1843   10 .                               
1843   11 .                               
1843   12 .                               
1844    1 24.0000                         
1844    2 24.0000                         
1844    3 24.0000                         
1844    4 24.0000                         
1844    5 24.0000                         
1844    6 26.1700                         
1844    7 26.5000                         
1844    8 26.5000                         
1844    9 27.2500                         
1844   10 28.0000                         
1844   11 27.5000                         
1844   12 26.7500                         
1845    1 26.7500                         
1845    2 26.5000                         
1845    3 27.7500                         
1845    4 33.1200                         
1845    5 34.1200                         
1845    6 33.0000                         
1845    7 31.0000                         
1845    8 28.3300                         
1845    9 27.0000                         
1845   10 26.8800                         
1845   11 28.3300                         
1845   12 28.0000                         
1846    1 28.0000                         
1846    2 28.0000                         
1846    3 28.2500                         
1846    4 28.0000                         
1846    5 28.5000                         
1846    6 28.0000                         
1846    7 29.0000                         
1846    8 26.1200                         
1846    9 27.2500                         
1846   10 27.0000                         
1846   11 28.5000                         
1846   12 28.1200                         
1847    1 28.5000                         
1847    2 28.5000                         
1847    3 28.6200                         
1847    4 29.0000                         
1847    5 29.0000                         
1847    6 28.6200                         
1847    7 28.0000                         
1847    8 28.5000                         
1847    9 30.5000                         
1847   10 33.7500                         
1847   11 35.7500                         
1847   12 33.7500                         
1848    1 31.0000                         
1848    2 28.5000                         
1848    3 27.2500                         
1848    4 26.6200                         
1848    5 26.5000                         
1848    6 26.5000                         
1848    7 25.7500                         
1848    8 25.3800                         
1848    9 25.5000                         
1848   10 25.0000                         
1848   11 25.0000                         
1848   12 24.8800                         
1849    1 25.0000                         
1849    2 24.5000                         
1849    3 24.7500                         
1849    4 24.0000                         
1849    5 23.5000                         
1849    6 23.0000                         
1849    7 22.7500                         
1849    8 22.5000                         
1849    9 21.1200                         
1849   10 21.5000                         
1849   11 20.0000                         
1849   12 21.0000                         
1850    1 21.0000                         
1850    2 21.0000                         
1850    3 20.6700                         
1850    4 20.8800                         
1850    5 20.8800                         
1850    6 20.1700                         
1850    7 20.0000                         
1850    8 20.6700                         
1850    9 21.0000                         
1850   10 21.0000                         
1850   11 21.0000                         
1850   12 21.7500                         
1851    1 21.5000                         
1851    2 22.0000                         
1851    3 22.0000                         
1851    4 22.0000                         
1851    5 21.5000                         
1851    6 21.5000                         
1851    7 21.0000                         
1851    8 21.0000                         
1851    9 21.0000                         
1851   10 21.0000                         
1851   11 21.0000                         
1851   12 21.0000                         
1852    1 21.2500                         
1852    2 21.2500                         
1852    3 20.7500                         
1852    4 20.3800                         
1852    5 20.2500                         
1852    6 20.5000                         
1852    7 20.2500                         
1852    8 21.2500                         
1852    9 23.2500                         
1852   10 26.5000                         
1852   11 27.7500                         
1852   12 28.2500                         
1853    1 32.7500                         
1853    2 36.8800                         
1853    3 35.6200                         
1853    4 35.8800                         
1853    5 35.8800                         
1853    6 36.0000                         
1853    7 36.0000                         
1853    8 36.0000                         
1853    9 36.2500                         
1853   10 37.3300                         
1853   11 37.6200                         
1853   12 36.7500                         
1854    1 37.0000                         
1854    2 36.2500                         
1854    3 37.0000                         
1854    4 38.0000                         
1854    5 38.0000                         
1854    6 38.0000                         
1854    7 38.0000                         
1854    8 38.0000                         
1854    9 37.7500                         
1854   10 36.5000                         
1854   11 35.5000                         
1854   12 32.8800                         
1855    1 31.1200                         
1855    2 29.5000                         
1855    3 27.5000                         
1855    4 26.7500                         
1855    5 26.5000                         
1855    6 26.1200                         
1855    7 26.1200                         
1855    8 26.5000                         
1855    9 28.0000                         
1855   10 28.6200                         
1855   11 28.5000                         
1855   12 27.7500                         
1856    1 27.5000                         
1856    2 27.5000                         
1856    3 27.6700                         
1856    4 28.0000                         
1856    5 28.0000                         
1856    6 27.6200                         
1856    7 27.0000                         
1856    8 27.0000                         
1856    9 27.0000                         
1856   10 26.8800                         
1856   11 26.0000                         
1856   12 26.0000                         
1857    1 26.2500                         
1857    2 26.5000                         
1857    3 26.6200                         
1857    4 27.7500                         
1857    5 27.8800                         
1857    6 27.7500                         
1857    7 27.2500                         
1857    8 26.7500                         
1857    9 26.3800                         
1857   10 25.7500                         
1857   11 23.5000                         
1857   12 23.7500                         
1858    1 23.5000                         
1858    2 22.5000                         
1858    3 22.5000                         
1858    4 22.5000                         
1858    5 22.5000                         
1858    6 22.1200                         
1858    7 21.3800                         
1858    8 21.5000                         
1858    9 22.0000                         
1858   10 21.5000                         
1858   11 21.7500                         
1858   12 22.5000                         
1859    1 22.7500                         
1859    2 23.6200                         
1859    3 24.5000                         
1859    4 23.8800                         
1859    5 23.5000                         
1859    6 23.1200                         
1859    7 23.0000                         
1859    8 23.1200                         
1859    9 22.8800                         
1859   10 23.2500                         
1859   11 23.2500                         
1859   12 23.1200                         
1860    1 23.0000                         
1860    2 23.0000                         
1860    3 23.3700                         
1860    4 22.3700                         
1860    5 22.7500                         
1860    6 22.7500                         
1860    7 22.7500                         
1860    8 22.5000                         
1860    9 22.2500                         
1860   10 22.3700                         
1860   11 22.7500                         
1860   12 22.5000                         
1861    1 22.1200                         
1861    2 21.7500                         
1861    3 21.2500                         
1861    4 21.8700                         
1861    5 21.1200                         
1861    6 20.5000                         
1861    7 19.8700                         
1861    8 18.7500                         
1861    9 18.7500                         
1861   10 18.6200                         
1861   11 18.8700                         
1861   12 19.6200                         
1862    1 20.0000                         
1862    2 20.7500                         
1862    3 20.7500                         
1862    4 21.5000                         
1862    5 21.5000                         
1862    6 22.7500                         
1862    7 24.0000                         
1862    8 24.3700                         
1862    9 24.5000                         
1862   10 25.2500                         
1862   11 30.5000                         
1862   12 31.1200                         
1863    1 32.0000                         
1863    2 33.2500                         
1863    3 35.5000                         
1863    4 36.0000                         
1863    5 34.7500                         
1863    6 33.5000                         
1863    7 32.7500                         
1863    8 31.7500                         
1863    9 33.0000                         
1863   10 35.7500                         
1863   11 41.1200                         
1863   12 43.5000                         
1864    1 43.1700                         
1864    2 48.6200                         
1864    3 50.1200                         
1864    4 54.5000                         
1864    5 57.2500                         
1864    6 57.6200                         
1864    7 69.1200                         
1864    8 73.6200                         
1864    9 72.2500                         
1864   10 63.7500                         
1864   11 61.5000                         
1864   12 59.1200                         
1865    1 58.1200                         
1865    2 53.1200                         
1865    3 50.3700                         
1865    4 45.5000                         
1865    5 39.1200                         
1865    6 35.0000                         
1865    7 35.6700                         
1865    8 40.1200                         
1865    9 44.3300                         
1865   10 49.8700                         
1865   11 51.0000                         
1865   12 50.7500                         
1866    1 50.3700                         
1866    2 49.0000                         
1866    3 46.1200                         
1866    4 41.7500                         
1866    5 41.3700                         
1866    6 43.8700                         
1866    7 46.5000                         
1866    8 47.2500                         
1866    9 48.1200                         
1866   10 48.7500                         
1866   11 49.5000                         
1866   12 49.5000                         
1867    1 48.7500                         
1867    2 46.5000                         
1867    3 44.7500                         
1867    4 41.0000                         
1867    5 42.7500                         
1867    6 43.0000                         
1867    7 43.3300                         
1867    8 44.0000                         
1867    9 44.5000                         
1867   10 44.5000                         
1867   11 43.7500                         
1867   12 42.1200                         
1868    1 38.6700                         
1868    2 36.7500                         
1868    3 37.8700                         
1868    4 38.3300                         
1868    5 37.0000                         
1868    6 37.0000                         
1868    7 38.1700                         
1868    8 39.5000                         
1868    9 40.1700                         
1868   10 41.3700                         
1868   11 42.8700                         
1868   12 43.2500                         
1869    1 42.0000                         
1869    2 40.2500                         
1869    3 41.5000                         
1869    4 40.0000                         
1869    5 39.5000                         
1869    6 40.8700                         
1869    7 41.6200                         
1869    8 41.1200                         
1869    9 40.7500                         
1869   10 40.5000                         
1869   11 39.7500                         
1869   12 39.5000                         
1870    1 36.2500                         
1870    2 34.5000                         
1870    3 34.5000                         
1870    4 33.2500                         
1870    5 33.2500                         
1870    6 32.5000                         
1870    7 32.7500                         
1870    8 33.5000                         
1870    9 33.2500                         
1870   10 32.2500                         
1870   11 31.5000                         
1870   12 31.2500                         
1871    1 30.5000                         
1871    2 30.8700                         
1871    3 34.2500                         
1871    4 35.3700                         
1871    5 35.5000                         
1871    6 35.0000                         
1871    7 35.7500                         
1871    8 36.0000                         
1871    9 36.5000                         
1871   10 36.6700                         
1871   11 37.2500                         
1871   12 37.2500                         
1872    1 37.0000                         
1872    2 40.7500                         
1872    3 47.0000                         
1872    4 49.5000                         
1872    5 49.5000                         
1872    6 53.3700                         
1872    7 51.3300                         
1872    8 52.7500                         
1872    9 53.8700                         
1872   10 53.3300                         
1872   11 51.2500                         
1872   12 47.6200                         
1873    1 45.1700                         
1873    2 48.0000                         
1873    3 48.3700                         
1873    4 47.7500                         
1873    5 46.0000                         
1873    6 45.0000                         
1873    7 43.7500                         
1873    8 43.5000                         
1873    9 42.5000                         
1873   10 38.0000                         
1873   11 33.0000                         
1873   12 32.5000                         
1874    1 32.0000                         
1874    2 32.0000                         
1874    3 32.0000                         
1874    4 32.0000                         
1874    5 31.5000                         
1874    6 31.5000                         
1874    7 31.5000                         
1874    8 31.0000                         
1874    9 29.5000                         
1874   10 29.0000                         
1874   11 26.2500                         
1874   12 24.0000                         
1875    1 25.6700                         
1875    2 26.5000                         
1875    3 27.0000                         
1875    4 27.0000                         
1875    5 26.0000                         
1875    6 26.0000                         
1875    7 26.0000                         
1875    8 26.0000                         
1875    9 25.0000                         
1875   10 24.0000                         
1875   11 23.7500                         
1875   12 23.5000                         
1876    1 23.2500                         
1876    2 23.0000                         
1876    3 23.0000                         
1876    4 22.7500                         
1876    5 22.0000                         
1876    6 22.0000                         
1876    7 22.0000                         
1876    8 22.0000                         
1876    9 21.7500                         
1876   10 21.7500                         
1876   11 21.5000                         
1876   12 21.2500                         
1877    1 20.7500                         
1877    2 20.0000                         
1877    3 20.0000                         
1877    4 19.5000                         
1877    5 19.0000                         
1877    6 18.7500                         
1877    7 18.2500                         
1877    8 18.0000                         
1877    9 18.2500                         
1877   10 18.5000                         
1877   11 18.0000                         
1877   12 18.0000                         
1878    1 18.5000                         
1878    2 18.5000                         
1878    3 18.5000                         
1878    4 18.5000                         
1878    5 18.0000                         
1878    6 17.2500                         
1878    7 17.2500                         
1878    8 17.5000                         
1878    9 17.5000                         
1878   10 17.0000                         
1878   11 16.5000                         
1878   12 17.0000                         
1879    1 17.2500                         
1879    2 17.5000                         
1879    3 17.8700                         
1879    4 18.0000                         
1879    5 18.5000                         
1879    6 18.7500                         
1879    7 19.2500                         
1879    8 20.7500                         
1879    9 24.2500                         
1879   10 30.0000                         
1879   11 28.0000                         
1879   12 30.5000                         
1880    1 40.0000                         
1880    2 41.0000                         
1880    3 37.5000                         
1880    4 31.0000                         
1880    5 25.0000                         
1880    6 23.0000                         
1880    7 23.5000                         
1880    8 25.0000                         
1880    9 23.2500                         
1880   10 23.0000                         
1880   11 24.5000                         
1880   12 25.0000                         
1881    1 25.0000                         
1881    2 25.5000                         
1881    3 26.0000                         
1881    4 25.0000                         
1881    5 25.0000                         
1881    6 24.0000                         
1881    7 24.5000                         
1881    8 24.5000                         
1881    9 25.2500                         
1881   10 25.5000                         
1881   11 25.7500                         
1881   12 26.0000                         
1882    1 26.0000                         
1882    2 26.0000                         
1882    3 25.7500                         
1882    4 25.5000                         
1882    5 25.5000                         
1882    6 25.5000                         
1882    7 25.5000                         
1882    8 25.5000                         
1882    9 26.0000                         
1882   10 26.2500                         
1882   11 26.0000                         
1882   12 25.7500                         
1883    1 25.0000                         
1883    2 24.5000                         
1883    3 24.0000                         
1883    4 23.5000                         
1883    5 22.0000                         
1883    6 21.0000                         
1883    7 21.5000                         
1883    8 22.0000                         
1883    9 22.0000                         
1883   10 21.5000                         
1883   11 21.0000                         
1883   12 21.0000                         
1884    1 20.5000                         
1884    2 20.5000                         
1884    3 20.5000                         
1884    4 20.0000                         
1884    5 20.0000                         
1884    6 20.0000                         
1884    7 20.0000                         
1884    8 19.5000                         
1884    9 19.5000                         
1884   10 19.5000                         
1884   11 19.2500                         
1884   12 18.5000                         
1885    1 18.0000                         
1885    2 18.0000                         
1885    3 18.0000                         
1885    4 18.0000                         
1885    5 17.8700                         
1885    6 17.7500                         
1885    7 17.7500                         
1885    8 17.7500                         
1885    9 18.0000                         
1885   10 18.2500                         
1885   11 18.2500                         
1885   12 18.2500                         
1886    1 18.5000                         
1886    2 18.5000                         
1886    3 18.7500                         
1886    4 18.5000                         
1886    5 18.5000                         
1886    6 18.2500                         
1886    7 18.2500                         
1886    8 18.2500                         
1886    9 18.5000                         
1886   10 19.0000                         
1886   11 19.5000                         
1886   12 20.0000                         
1887    1 21.5000                         
1887    2 21.5000                         
1887    3 21.0000                         
1887    4 20.7500                         
1887    5 20.8500                         
1887    6 21.0000                         
1887    7 21.0000                         
1887    8 21.0000                         
1887    9 21.0000                         
1887   10 20.5000                         
1887   11 20.5000                         
1887   12 20.5000                         
1888    1 21.0000                         
1888    2 20.7500                         
1888    3 20.5000                         
1888    4 19.7500                         
1888    5 18.5000                         
1888    6 18.0000                         
1888    7 18.0000                         
1888    8 18.0000                         
1888    9 18.0000                         
1888   10 18.0000                         
1888   11 18.0000                         
1888   12 18.0000                         
1889    1 18.0000                         
1889    2 18.0000                         
1889    3 18.0000                         
1889    4 17.3500                         
1889    5 17.0000                         
1889    6 17.2500                         
1889    7 17.2500                         
1889    8 17.5000                         
1889    9 17.5000                         
1889   10 17.5000                         
1889   11 18.5000                         
1889   12 19.2500                         
1890    1 19.9000                         
1890    2 19.5000                         
1890    3 19.2500                         
1890    4 18.2500                         
1890    5 18.0000                         
1890    6 18.0000                         
1890    7 18.0000                         
1890    8 18.0000                         
1890    9 18.0000                         
1890   10 18.0000                         
1890   11 18.0000                         
1890   12 18.0000                         
1891    1 17.5000                         
1891    2 17.5000                         
1891    3 17.5000                         
1891    4 17.5000                         
1891    5 17.5000                         
1891    6 17.5000                         
1891    7 17.5000                         
1891    8 17.5000                         
1891    9 17.5000                         
1891   10 17.7500                         
1891   11 17.5000                         
1891   12 17.5000                         
1892    1 17.5000                         
1892    2 17.0000                         
1892    3 16.5000                         
1892    4 16.0000                         
1892    5 15.9500                         
1892    6 15.6900                         
1892    7 15.0600                         
1892    8 15.0000                         
1892    9 15.0000                         
1892   10 15.0000                         
1892   11 15.1700                         
1892   12 15.1200                         
1893    1 14.8000                         
1893    2 14.7500                         
1893    3 14.6900                         
1893    4 14.5800                         
1893    5 14.8500                         
1893    6 15.0000                         
1893    7 15.0000                         
1893    8 14.5000                         
1893    9 14.3300                         
1893   10 14.2000                         
1893   11 13.7500                         
1893   12 13.7500                         
1894    1 13.3700                         
1894    2 13.0000                         
1894    3 13.0000                         
1894    4 12.6000                         
1894    5 12.5000                         
1894    6 12.5000                         
1894    7 12.5000                         
1894    8 12.5000                         
1894    9 12.5000                         
1894   10 12.5000                         
1894   11 12.5000                         
1894   12 12.5000                         
1895    1 12.0800                         
1895    2 12.0000                         
1895    3 12.0600                         
1895    4 12.0000                         
1895    5 12.0600                         
1895    6 12.5000                         
1895    7 13.8000                         
1895    8 13.7500                         
1895    9 14.2000                         
1895   10 14.5000                         
1895   11 14.4400                         
1895   12 13.8500                         
1896    1 13.5600                         
1896    2 13.5000                         
1896    3 13.4500                         
1896    4 13.2500                         
1896    5 12.8300                         
1896    6 12.7500                         
1896    7 12.7500                         
1896    8 12.7500                         
1896    9 12.5000                         
1896   10 12.5600                         
1896   11 12.8100                         
1896   12 12.7500                         
1897    1 12.7500                         
1897    2 12.7500                         
1897    3 12.6000                         
1897    4 12.1200                         
1897    5 11.8700                         
1897    6 11.7500                         
1897    7 11.7500                         
1897    8 11.7500                         
1897    9 11.8700                         
1897   10 12.0000                         
1897   11 12.0000                         
1897   12 12.0000                         
1898    1 12.0000                         
1898    2 11.8700                         
1898    3 11.7500                         
1898    4 11.7500                         
1898    5 11.6500                         
1898    6 11.4400                         
1898    7 11.2500                         
1898    8 11.3000                         
1898    9 11.5000                         
1898   10 11.7000                         
1898   11 11.7500                         
1898   12 11.9700                         
1899    1 12.1200                         
1899    2 13.2500                         
1899    3 16.0000                         
1899    4 16.5000                         
1899    5 16.6000                         
1899    6 18.6200                         
1899    7 20.3700                         
1899    8 21.7000                         
1899    9 23.5000                         
1899   10 23.7000                         
1899   11 25.0000                         
1899   12 25.0000                         
1900    1 25.0000                         
1900    2 24.5000                         
1900    3 23.6200                         
1900    4 23.1900                         
1900    5 22.6000                         
1900    6 20.0000                         
1900    7 17.7500                         
1900    8 17.2000                         
1900    9 17.0000                         
1900   10 16.0000                         
1900   11 16.4000                         
1900   12 16.5000                         
1901    1 16.0500                         
1901    2 16.0000                         
1901    3 16.0000                         
1901    4 16.0000                         
1901    5 16.0000                         
1901    6 16.0000                         
1901    7 15.8700                         
1901    8 15.5000                         
1901    9 15.5000                         
1901   10 15.5000                         
1901   11 15.7500                         
1901   12 16.2500                         
1902    1 17.5500                         
1902    2 18.3700                         
1902    3 19.4400                         
1902    4 20.3700                         
1902    5 21.0000                         
1902    6 22.8700                         
1902    7 24.2000                         
1902    8 24.5000                         
1902    9 24.5000                         
1902   10 24.4500                         
1902   11 24.8700                         
1902   12 24.2000                         
1903    1 24.0000                         
1903    2 23.7500                         
1903    3 23.5000                         
1903    4 22.7000                         
1903    5 21.3700                         
1903    6 20.6200                         
1903    7 19.0000                         
1903    8 18.0000                         
1903    9 17.5000                         
1903   10 16.7000                         
1903   11 16.0000                         
1903   12 15.8500                         
1904    1 15.5000                         
1904    2 15.5000                         
1904    3 15.4500                         
1904    4 15.7500                         
1904    5 15.4000                         
1904    6 15.1900                         
1904    7 14.9400                         
1904    8 15.0000                         
1904    9 15.0000                         
1904   10 15.1200                         
1904   11 16.4000                         
1904   12 17.6200                         
1905    1 17.7500                         
1905    2 17.7500                         
1905    3 18.0000                         
1905    4 18.2500                         
1905    5 18.0600                         
1905    6 17.6000                         
1905    7 17.1900                         
1905    8 17.2500                         
1905    9 17.2500                         
1905   10 17.8700                         
1905   11 18.6500                         
1905   12 19.0000                         
1906    1 19.0000                         
1906    2 19.0000                         
1906    3 19.0000                         
1906    4 19.1200                         
1906    5 19.2500                         
1906    6 19.2500                         
1906    7 19.2500                         
1906    8 19.8000                         
1906    9 22.6200                         
1906   10 24.0000                         
1906   11 25.0000                         
1906   12 26.5000                         
1907    1 27.5000                         
1907    2 27.3700                         
1907    3 26.8700                         
1907    4 26.5600                         
1907    5 26.6000                         
1907    6 25.7500                         
1907    7 23.6200                         
1907    8 22.5000                         
1907    9 21.1900                         
1907   10 20.4000                         
1907   11 19.4400                         
1907   12 18.9400                         
1908    1 18.7000                         
1908    2 18.7500                         
1908    3 18.6200                         
1908    4 18.1500                         
1908    5 17.4400                         
1908    6 17.1200                         
1908    7 17.0000                         
1908    8 17.0000                         
1908    9 17.1200                         
1908   10 17.2500                         
1908   11 17.5000                         
1908   12 17.7500                         
1909    1 17.7500                         
1909    2 17.5000                         
1909    3 16.8700                         
1909    4 16.7000                         
1909    5 16.5600                         
1909    6 16.9400                         
1909    7 17.0500                         
1909    8 17.5600                         
1909    9 18.5500                         
1909   10 19.1900                         
1909   11 19.5000                         
1909   12 19.5000                         
1910    1 19.5000                         
1910    2 19.1900                         
1910    3 18.5000                         
1910    4 18.2500                         
1910    5 17.5000                         
1910    6 17.1500                         
1910    7 16.7500                         
1910    8 16.5000                         
1910    9 16.5000                         
1910   10 16.3100                         
1910   11 16.1900                         
1910   12 16.0000                         
1911    1 16.0000                         
1911    2 16.0000                         
1911    3 16.0000                         
1911    4 16.0000                         
1911    5 16.0000                         
1911    6 15.7500                         
1911    7 15.5000                         
1911    8 15.5000                         
1911    9 15.5000                         
1911   10 15.5000                         
1911   11 15.4500                         
1911   12 15.3500                         
1912    1 15.3500                         
1912    2 15.3500                         
1912    3 15.4200                         
1912    4 15.5000                         
1912    5 15.7200                         
1912    6 15.8100                         
1912    7 16.1900                         
1912    8 16.3500                         
1912    9 17.0900                         
1912   10 18.1000                         
1912   11 18.8100                         
1912   12 19.0000                         
1913    1 19.0000                         
1913    2 18.7500                         
1913    3 18.2700                         
1913    4 18.0000                         
1913    5 17.3000                         
1913    6 16.6900                         
1913    7 16.1000                         
1913    8 16.1000                         
1913    9 16.3400                         
1913   10 16.4500                         
1913   11 16.0600                         
1913   12 15.7500                         
1914    1 15.2200                         
1914    2 15.4400                         
1914    3 15.5000                         
1914    4 15.5000                         
1914    5 15.3100                         
1914    6 15.2500                         
1914    7 15.2500                         
1914    8 15.2500                         
1914    9 15.2500                         
1914   10 .                               
1914   11 .                               
1914   12 .                               
